268.0 322.0 -68.0
267.0 317.0 -61.0
264.0 310.0 -66.0
265.0 315.0 -59.0
270.0 316.0 -58.0
258.0 312.0 -72.0
261.0 311.0 -65.0
275.0 307.0 -67.0
273.0 297.0 -61.0
288.0 282.0 -68.0
301.0 245.0 -63.0
311.0 213.0 -65.0
307.0 191.0 -61.0
312.0 176.0 -64.0
310.0 168.0 -64.0
304.0 162.0 -64.0
302.0 146.0 -64.0
295.0 131.0 -59.0
296.0 128.0 -66.0
295.0 145.0 -69.0
312.0 156.0 -68.0
314.0 178.0 -64.0
315.0 189.0 -63.0
313.0 185.0 -67.0
314.0 192.0 -60.0
309.0 179.0 -63.0
301.0 159.0 -69.0
300.0 128.0 -60.0
285.0 117.0 -63.0
279.0 101.0 -59.0
267.0 81.0 -67.0
252.0 72.0 -68.0
243.0 69.0 -71.0
234.0 70.0 -64.0
227.0 69.0 -59.0
236.0 66.0 -64.0
232.0 60.0 -64.0
225.0 63.0 -59.0
197.0 57.0 -55.0
183.0 49.0 -63.0
168.0 38.0 -64.0
144.0 42.0 -64.0
125.0 45.0 -63.0
111.0 55.0 -61.0
103.0 55.0 -57.0
84.0 60.0 -64.0
76.0 62.0 -62.0
72.0 66.0 -62.0
52.0 74.0 -62.0
46.0 78.0 -62.0
35.0 99.0 -59.0
24.0 106.0 -64.0
23.0 107.0 -65.0
16.0 118.0 -68.0
6.0 136.0 -70.0
4.0 148.0 -76.0
4.0 150.0 -64.0
4.0 152.0 -68.0
-2.0 154.0 -70.0
-4.0 162.0 -66.0
-3.0 173.0 -73.0
-6.0 190.0 -74.0
-14.0 206.0 -80.0
-4.0 220.0 -80.0
1.0 233.0 -63.0
-1.0 245.0 -75.0
0.0 242.0 -74.0
4.0 262.0 -66.0
17.0 271.0 -71.0
12.0 282.0 -72.0
15.0 277.0 -73.0
5.0 285.0 -65.0
18.0 280.0 -64.0
7.0 279.0 -67.0
20.0 284.0 -70.0
19.0 281.0 -65.0
14.0 282.0 -58.0
26.0 282.0 -72.0
24.0 288.0 -70.0
28.0 304.0 -62.0
39.0 315.0 -61.0
46.0 316.0 -64.0
47.0 317.0 -65.0
48.0 322.0 -60.0
53.0 327.0 -67.0
60.0 326.0 -72.0
59.0 335.0 -57.0
75.0 339.0 -63.0
88.0 338.0 -66.0
86.0 346.0 -72.0
87.0 339.0 -59.0
87.0 341.0 -63.0
82.0 346.0 -58.0
91.0 347.0 -59.0
100.0 350.0 -52.0
119.0 349.0 -65.0
129.0 353.0 -61.0
138.0 354.0 -62.0
155.0 365.0 -61.0
158.0 362.0 -70.0
171.0 361.0 -65.0
174.0 354.0 -60.0
182.0 358.0 -70.0
187.0 357.0 -77.0
194.0 356.0 -66.0
193.0 359.0 -83.0
201.0 361.0 -69.0
187.0 367.0 -71.0
192.0 358.0 -66.0
187.0 357.0 -71.0
186.0 360.0 -74.0
201.0 359.0 -67.0
191.0 357.0 -69.0
193.0 357.0 -67.0
192.0 356.0 -74.0
189.0 351.0 -71.0
193.0 359.0 -73.0
182.0 364.0 -74.0
184.0 360.0 -68.0
187.0 357.0 -67.0
187.0 359.0 -77.0
190.0 350.0 -72.0
187.0 355.0 -75.0
214.0 348.0 -72.0
234.0 340.0 -68.0
248.0 326.0 -66.0
259.0 311.0 -63.0
272.0 290.0 -62.0
285.0 291.0 -69.0
282.0 286.0 -68.0
296.0 268.0 -62.0
296.0 244.0 -62.0
297.0 227.0 -61.0
295.0 213.0 -55.0
301.0 195.0 -65.0
300.0 190.0 -68.0
294.0 162.0 -58.0
294.0 148.0 -66.0
285.0 141.0 -71.0
271.0 125.0 -61.0
274.0 118.0 -72.0
259.0 105.0 -69.0
252.0 102.0 -72.0
239.0 93.0 -73.0
233.0 85.0 -87.0
224.0 90.0 -80.0
215.0 79.0 -83.0
206.0 86.0 -86.0
203.0 71.0 -91.0
193.0 75.0 -87.0
190.0 72.0 -100.0
174.0 62.0 -90.0
186.0 68.0 -90.0
194.0 74.0 -82.0
207.0 77.0 -89.0
220.0 82.0 -82.0
240.0 98.0 -78.0
246.0 104.0 -76.0
253.0 99.0 -85.0
255.0 107.0 -63.0
266.0 118.0 -80.0
274.0 134.0 -74.0
279.0 145.0 -73.0
290.0 158.0 -72.0
288.0 150.0 -68.0
287.0 163.0 -73.0
288.0 154.0 -66.0
289.0 159.0 -77.0
284.0 158.0 -68.0
292.0 154.0 -72.0
294.0 166.0 -76.0
291.0 181.0 -71.0
304.0 206.0 -70.0
300.0 228.0 -60.0
291.0 245.0 -57.0
298.0 254.0 -66.0
293.0 269.0 -57.0
287.0 277.0 -67.0
275.0 289.0 -63.0
266.0 304.0 -66.0
254.0 322.0 -62.0
228.0 334.0 -70.0
209.0 339.0 -75.0
197.0 349.0 -73.0
173.0 357.0 -71.0
156.0 350.0 -64.0
160.0 358.0 -58.0
167.0 351.0 -79.0
163.0 359.0 -67.0
175.0 357.0 -61.0
163.0 355.0 -69.0
171.0 353.0 -75.0
153.0 359.0 -67.0
129.0 359.0 -65.0
105.0 349.0 -69.0
82.0 350.0 -66.0
64.0 332.0 -60.0
46.0 322.0 -62.0
46.0 320.0 -62.0
40.0 314.0 -68.0
24.0 298.0 -70.0
13.0 293.0 -69.0
14.0 282.0 -76.0
23.0 301.0 -59.0
24.0 298.0 -70.0
19.0 301.0 -69.0
19.0 289.0 -67.0
21.0 299.0 -75.0
28.0 300.0 -64.0
20.0 300.0 -58.0
16.0 294.0 -66.0
26.0 302.0 -72.0
30.0 296.0 -70.0
19.0 303.0 -63.0
21.0 297.0 -71.0
15.0 293.0 -69.0
14.0 296.0 -70.0
11.0 297.0 -67.0
15.0 287.0 -61.0
15.0 279.0 -61.0
6.0 274.0 -68.0
-2.0 264.0 -68.0
3.0 257.0 -63.0
-10.0 254.0 -60.0
-7.0 243.0 -67.0
-18.0 238.0 -66.0
-5.0 229.0 -69.0
-3.0 241.0 -65.0
-9.0 227.0 -67.0
-21.0 223.0 -69.0
-18.0 218.0 -66.0
-14.0 208.0 -66.0
-9.0 205.0 -65.0
-13.0 207.0 -65.0
-11.0 195.0 -71.0
-19.0 185.0 -61.0
-15.0 173.0 -59.0
-14.0 162.0 -64.0
-12.0 162.0 -68.0
-16.0 158.0 -62.0
-8.0 152.0 -68.0
1.0 135.0 -67.0
-2.0 136.0 -70.0
-14.0 138.0 -70.0
-6.0 156.0 -64.0
-16.0 150.0 -70.0
-2.0 150.0 -72.0
-9.0 149.0 -59.0
0.0 134.0 -68.0
1.0 123.0 -65.0
17.0 105.0 -59.0
28.0 92.0 -62.0
32.0 84.0 -62.0
43.0 75.0 -57.0
53.0 67.0 -49.0
55.0 59.0 -51.0
66.0 48.0 -52.0
66.0 52.0 -56.0
88.0 50.0 -58.0
96.0 40.0 -52.0
112.0 38.0 -54.0
109.0 33.0 -47.0
111.0 41.0 -51.0
103.0 35.0 -47.0
99.0 41.0 -49.0
105.0 43.0 -55.0
108.0 32.0 -52.0
117.0 31.0 -55.0
130.0 36.0 -52.0
141.0 29.0 -51.0
145.0 31.0 -55.0
148.0 34.0 -60.0
160.0 34.0 -50.0
162.0 30.0 -60.0
170.0 26.0 -62.0
167.0 25.0 -61.0
176.0 38.0 -62.0
184.0 34.0 -54.0
186.0 30.0 -52.0
195.0 41.0 -59.0
201.0 47.0 -45.0
198.0 46.0 -62.0
201.0 47.0 -63.0
203.0 43.0 -57.0
193.0 43.0 -67.0
173.0 51.0 -63.0
144.0 34.0 -58.0
123.0 33.0 -55.0
105.0 45.0 -55.0
90.0 46.0 -60.0
74.0 46.0 -52.0
58.0 66.0 -60.0
46.0 72.0 -60.0
31.0 81.0 -53.0
28.0 90.0 -48.0
19.0 103.0 -59.0
26.0 106.0 -60.0
17.0 93.0 -57.0
24.0 98.0 -60.0
25.0 91.0 -49.0
12.0 128.0 -58.0
2.0 140.0 -64.0
-3.0 149.0 -67.0
-14.0 164.0 -74.0
-21.0 179.0 -63.0
-19.0 197.0 -57.0
-17.0 207.0 -69.0
-7.0 227.0 -73.0
-2.0 246.0 -82.0
10.0 266.0 -74.0
10.0 284.0 -76.0
14.0 288.0 -80.0
27.0 305.0 -85.0
38.0 318.0 -82.0
57.0 325.0 -77.0
62.0 338.0 -80.0
71.0 341.0 -79.0
88.0 352.0 -74.0
111.0 341.0 -83.0
104.0 346.0 -74.0
108.0 352.0 -78.0
133.0 353.0 -67.0
133.0 357.0 -81.0
138.0 356.0 -64.0
133.0 353.0 -81.0
135.0 345.0 -65.0
128.0 354.0 -76.0
130.0 350.0 -80.0
141.0 351.0 -69.0
134.0 350.0 -70.0
131.0 345.0 -65.0
128.0 350.0 -78.0
128.0 346.0 -68.0
114.0 346.0 -74.0
99.0 345.0 -79.0
73.0 331.0 -77.0
49.0 325.0 -81.0
29.0 297.0 -75.0
7.0 279.0 -67.0
3.0 243.0 -73.0
-16.0 212.0 -72.0
-9.0 185.0 -61.0
-4.0 156.0 -64.0
11.0 131.0 -57.0
16.0 108.0 -54.0
37.0 89.0 -51.0
42.0 76.0 -56.0
66.0 70.0 -62.0
72.0 62.0 -60.0
81.0 63.0 -67.0
91.0 51.0 -57.0
89.0 47.0 -57.0
100.0 50.0 -68.0
107.0 43.0 -59.0
125.0 45.0 -55.0
152.0 34.0 -66.0
165.0 45.0 -61.0
184.0 46.0 -66.0
202.0 58.0 -54.0
223.0 53.0 -57.0
238.0 70.0 -58.0
249.0 71.0 -61.0
258.0 78.0 -52.0
259.0 89.0 -63.0
274.0 90.0 -52.0
278.0 98.0 -60.0
290.0 110.0 -52.0
292.0 124.0 -58.0
297.0 149.0 -57.0
312.0 162.0 -58.0
313.0 191.0 -61.0
320.0 194.0 -58.0
314.0 196.0 -58.0
318.0 188.0 -58.0
315.0 177.0 -59.0
314.0 180.0 -58.0
314.0 176.0 -56.0
316.0 178.0 -58.0
309.0 179.0 -45.0
314.0 178.0 -64.0
318.0 176.0 -66.0
310.0 180.0 -62.0
313.0 183.0 -63.0
316.0 170.0 -58.0
312.0 196.0 -50.0
311.0 203.0 -55.0
322.0 220.0 -56.0
310.0 238.0 -64.0
301.0 257.0 -57.0
298.0 272.0 -56.0
285.0 285.0 -57.0
272.0 312.0 -58.0
259.0 325.0 -43.0
250.0 330.0 -52.0
229.0 337.0 -55.0
221.0 347.0 -47.0
204.0 350.0 -62.0
196.0 358.0 -60.0
184.0 350.0 -56.0
163.0 351.0 -55.0
164.0 356.0 -62.0
146.0 350.0 -62.0
146.0 350.0 -60.0
139.0 353.0 -63.0
119.0 333.0 -71.0
114.0 346.0 -74.0
99.0 341.0 -83.0
92.0 336.0 -78.0
73.0 335.0 -77.0
74.0 332.0 -84.0
49.0 327.0 -85.0
39.0 311.0 -85.0
38.0 310.0 -82.0
34.0 308.0 -84.0
25.0 311.0 -91.0
21.0 297.0 -87.0
24.0 298.0 -82.0
18.0 298.0 -82.0
21.0 299.0 -89.0
14.0 296.0 -80.0
0.0 296.0 -78.0
15.0 283.0 -81.0
-1.0 271.0 -89.0
3.0 243.0 -79.0
-10.0 218.0 -82.0
-7.0 201.0 -73.0
-14.0 204.0 -86.0
-13.0 215.0 -75.0
-1.0 255.0 -79.0
26.0 298.0 -84.0
51.0 315.0 -79.0
74.0 328.0 -76.0
104.0 348.0 -78.0
153.0 347.0 -73.0
168.0 342.0 -66.0
202.0 338.0 -58.0
226.0 334.0 -56.0
254.0 328.0 -44.0
265.0 319.0 -47.0
284.0 302.0 -52.0
283.0 299.0 -59.0
281.0 297.0 -61.0
284.0 298.0 -56.0
287.0 301.0 -53.0
286.0 298.0 -60.0
289.0 299.0 -59.0
284.0 298.0 -62.0
288.0 294.0 -62.0
286.0 296.0 -60.0
294.0 296.0 -70.0
286.0 294.0 -74.0
291.0 297.0 -89.0
276.0 308.0 -104.0
291.0 307.0 -107.0
280.0 304.0 -142.0
289.0 297.0 -159.0
280.0 280.0 -172.0
273.0 279.0 -201.0
278.0 268.0 -212.0
276.0 260.0 -222.0
276.0 260.0 -212.0
277.0 251.0 -219.0
276.0 232.0 -220.0
284.0 218.0 -234.0
294.0 214.0 -204.0
280.0 216.0 -238.0
276.0 188.0 -238.0
280.0 160.0 -232.0
276.0 132.0 -228.0
278.0 124.0 -212.0
273.0 113.0 -193.0
283.0 113.0 -193.0
276.0 100.0 -168.0
277.0 81.0 -139.0
274.0 78.0 -118.0
273.0 85.0 -101.0
287.0 87.0 -85.0
275.0 93.0 -67.0
276.0 108.0 -36.0
268.0 118.0 -30.0
275.0 129.0 -15.0
281.0 141.0 -11.0
278.0 144.0 0.0
266.0 146.0 10.0
269.0 161.0 23.0
275.0 169.0 17.0
261.0 181.0 27.0
266.0 200.0 22.0
270.0 208.0 22.0
263.0 225.0 11.0
271.0 243.0 3.0
276.0 252.0 -10.0
278.0 264.0 -16.0
278.0 288.0 -34.0
279.0 289.0 -45.0
280.0 304.0 -62.0
280.0 300.0 -72.0
273.0 313.0 -91.0
272.0 318.0 -120.0
274.0 318.0 -144.0
272.0 308.0 -162.0
267.0 303.0 -183.0
259.0 299.0 -203.0
264.0 278.0 -210.0
267.0 279.0 -217.0
272.0 276.0 -222.0
272.0 262.0 -224.0
271.0 263.0 -227.0
269.0 249.0 -233.0
272.0 240.0 -240.0
270.0 232.0 -238.0
271.0 215.0 -231.0
278.0 216.0 -244.0
271.0 203.0 -243.0
283.0 181.0 -231.0
271.0 161.0 -233.0
272.0 142.0 -230.0
274.0 130.0 -214.0
276.0 116.0 -210.0
281.0 107.0 -195.0
272.0 98.0 -178.0
273.0 93.0 -155.0
283.0 79.0 -137.0
276.0 88.0 -122.0
273.0 89.0 -111.0
274.0 86.0 -110.0
282.0 84.0 -100.0
267.0 81.0 -125.0
266.0 90.0 -164.0
260.0 96.0 -202.0
264.0 122.0 -218.0
257.0 143.0 -243.0
266.0 156.0 -246.0
263.0 171.0 -249.0
268.0 202.0 -246.0
267.0 201.0 -247.0
271.0 223.0 -239.0
275.0 233.0 -237.0
270.0 248.0 -236.0
252.0 262.0 -242.0
256.0 278.0 -230.0
266.0 290.0 -208.0
275.0 299.0 -179.0
272.0 312.0 -148.0
272.0 310.0 -124.0
279.0 301.0 -105.0
277.0 301.0 -67.0
287.0 289.0 -45.0
272.0 278.0 -34.0
282.0 256.0 -20.0
281.0 241.0 -3.0
291.0 225.0 -5.0
288.0 202.0 -6.0
284.0 186.0 0.0
283.0 179.0 1.0
285.0 177.0 11.0
279.0 167.0 7.0
268.0 150.0 2.0
277.0 143.0 7.0
283.0 125.0 -11.0
278.0 122.0 -32.0
289.0 111.0 -51.0
279.0 107.0 -49.0
281.0 91.0 -65.0
271.0 69.0 -93.0
266.0 70.0 -114.0
263.0 73.0 -151.0
270.0 92.0 -168.0
271.0 111.0 -205.0
273.0 127.0 -227.0
275.0 161.0 -241.0
269.0 185.0 -249.0
268.0 208.0 -244.0
267.0 237.0 -241.0
279.0 245.0 -225.0
275.0 253.0 -223.0
290.0 270.0 -188.0
294.0 288.0 -148.0
295.0 293.0 -129.0
292.0 294.0 -82.0
282.0 286.0 -74.0
290.0 278.0 -60.0
293.0 279.0 -59.0
287.0 279.0 -65.0
294.0 274.0 -62.0
294.0 284.0 -64.0
293.0 285.0 -65.0
300.0 280.0 -54.0
290.0 278.0 -54.0
284.0 272.0 -48.0
296.0 264.0 -48.0
298.0 264.0 -32.0
295.0 263.0 -43.0
299.0 265.0 -35.0
294.0 262.0 -30.0
291.0 261.0 -23.0
293.0 269.0 -17.0
287.0 259.0 -19.0
284.0 258.0 -20.0
284.0 264.0 -20.0
277.0 279.0 -23.0
269.0 291.0 -35.0
260.0 294.0 -18.0
236.0 288.0 8.0
210.0 296.0 18.0
201.0 293.0 25.0
182.0 298.0 30.0
152.0 292.0 36.0
128.0 288.0 38.0
98.0 290.0 24.0
74.0 296.0 6.0
53.0 307.0 -17.0
38.0 296.0 -40.0
39.0 307.0 -51.0
32.0 300.0 -78.0
28.0 304.0 -88.0
23.0 299.0 -99.0
28.0 298.0 -110.0
17.0 297.0 -121.0
17.0 285.0 -131.0
13.0 287.0 -131.0
23.0 293.0 -131.0
16.0 302.0 -122.0
15.0 295.0 -121.0
24.0 302.0 -126.0
19.0 293.0 -125.0
14.0 302.0 -136.0
16.0 302.0 -142.0
24.0 298.0 -142.0
16.0 304.0 -154.0
10.0 308.0 -164.0
16.0 294.0 -166.0
22.0 296.0 -174.0
18.0 296.0 -172.0
33.0 307.0 -193.0
36.0 294.0 -212.0
48.0 296.0 -232.0
81.0 297.0 -245.0
94.0 300.0 -256.0
115.0 303.0 -261.0
129.0 303.0 -263.0
148.0 310.0 -266.0
165.0 303.0 -255.0
174.0 306.0 -254.0
188.0 310.0 -248.0
220.0 310.0 -238.0
227.0 301.0 -227.0
241.0 307.0 -221.0
261.0 307.0 -197.0
279.0 295.0 -175.0
276.0 302.0 -160.0
282.0 294.0 -152.0
282.0 304.0 -128.0
281.0 299.0 -131.0
284.0 302.0 -120.0
275.0 309.0 -115.0
292.0 286.0 -92.0
294.0 300.0 -92.0
285.0 299.0 -97.0
276.0 304.0 -86.0
287.0 297.0 -79.0
269.0 303.0 -69.0
271.0 315.0 -55.0
272.0 312.0 -58.0
258.0 316.0 -42.0
255.0 309.0 -43.0
244.0 316.0 -22.0
254.0 318.0 -34.0
226.0 320.0 -14.0
209.0 319.0 -13.0
213.0 307.0 -1.0
185.0 315.0 21.0
145.0 309.0 15.0
120.0 318.0 2.0
98.0 300.0 12.0
82.0 302.0 4.0
60.0 288.0 -2.0
57.0 301.0 -17.0
52.0 292.0 -10.0
60.0 310.0 -14.0
51.0 293.0 -13.0
44.0 306.0 -42.0
33.0 301.0 -53.0
16.0 302.0 -72.0
22.0 296.0 -76.0
15.0 293.0 -103.0
13.0 299.0 -93.0
22.0 300.0 -104.0
14.0 306.0 -110.0
10.0 300.0 -96.0
22.0 298.0 -118.0
7.0 307.0 -127.0
17.0 309.0 -117.0
14.0 302.0 -140.0
21.0 305.0 -145.0
23.0 299.0 -155.0
17.0 313.0 -155.0
18.0 312.0 -158.0
15.0 309.0 -171.0
37.0 309.0 -179.0
42.0 304.0 -204.0
59.0 303.0 -225.0
78.0 310.0 -238.0
112.0 316.0 -248.0
132.0 318.0 -254.0
143.0 321.0 -255.0
143.0 313.0 -257.0
120.0 318.0 -252.0
68.0 328.0 -232.0
37.0 321.0 -199.0
27.0 313.0 -159.0
6.0 334.0 -126.0
27.0 319.0 -89.0
25.0 321.0 -67.0
37.0 319.0 -61.0
45.0 321.0 -53.0
57.0 321.0 -25.0
78.0 322.0 -8.0
98.0 324.0 0.0
145.0 325.0 1.0
154.0 320.0 20.0
173.0 325.0 3.0
196.0 322.0 -2.0
218.0 310.0 -2.0
245.0 329.0 -23.0
245.0 325.0 -37.0
261.0 321.0 -63.0
268.0 316.0 -72.0
278.0 310.0 -88.0
273.0 319.0 -107.0
263.0 319.0 -121.0
265.0 321.0 -141.0
264.0 328.0 -164.0
249.0 315.0 -191.0
243.0 323.0 -199.0
237.0 321.0 -199.0
216.0 324.0 -226.0
186.0 332.0 -226.0
172.0 318.0 -240.0
183.0 323.0 -241.0
180.0 332.0 -228.0
183.0 323.0 -233.0
186.0 332.0 -238.0
174.0 318.0 -246.0
167.0 315.0 -247.0
168.0 314.0 -248.0
165.0 309.0 -265.0
159.0 317.0 -253.0
160.0 318.0 -250.0
164.0 310.0 -256.0
156.0 318.0 -258.0
153.0 319.0 -261.0
115.0 315.0 -257.0
82.0 320.0 -242.0
47.0 319.0 -205.0
30.0 322.0 -168.0
24.0 328.0 -140.0
38.0 320.0 -90.0
42.0 324.0 -56.0
55.0 327.0 -49.0
58.0 322.0 -38.0
80.0 318.0 -26.0
94.0 330.0 -18.0
98.0 328.0 -6.0
105.0 313.0 9.0
117.0 321.0 5.0
141.0 325.0 5.0
157.0 323.0 7.0
178.0 324.0 -10.0
184.0 326.0 -8.0
211.0 315.0 -1.0
227.0 317.0 -15.0
250.0 318.0 -38.0
248.0 320.0 -60.0
263.0 325.0 -63.0
266.0 324.0 -84.0
269.0 319.0 -101.0
266.0 334.0 -122.0
265.0 323.0 -155.0
251.0 329.0 -179.0
235.0 329.0 -189.0
233.0 329.0 -205.0
216.0 330.0 -212.0
205.0 339.0 -221.0
193.0 333.0 -229.0
184.0 334.0 -238.0
156.0 328.0 -248.0
136.0 326.0 -246.0
107.0 323.0 -237.0
80.0 320.0 -234.0
65.0 315.0 -223.0
54.0 322.0 -214.0
53.0 325.0 -213.0
37.0 327.0 -181.0
39.0 333.0 -169.0
32.0 330.0 -160.0
38.0 332.0 -140.0
29.0 331.0 -121.0
43.0 331.0 -105.0
36.0 326.0 -74.0
50.0 326.0 -50.0
69.0 331.0 -25.0
88.0 328.0 -18.0
115.0 343.0 -9.0
116.0 326.0 0.0
103.0 333.0 -17.0
75.0 325.0 -31.0
54.0 336.0 -82.0
39.0 337.0 -143.0
56.0 338.0 -184.0
84.0 330.0 -222.0
107.0 323.0 -235.0
152.0 326.0 -244.0
188.0 324.0 -224.0
228.0 330.0 -206.0
238.0 322.0 -196.0
250.0 316.0 -196.0
248.0 318.0 -194.0
233.0 323.0 -205.0
223.0 325.0 -219.0
221.0 327.0 -227.0
210.0 318.0 -234.0
216.0 308.0 -252.0
218.0 284.0 -262.0
228.0 262.0 -266.0
263.0 255.0 -233.0
265.0 271.0 -239.0
216.0 256.0 -276.0
130.0 246.0 -302.0
36.0 266.0 -268.0
12.0 322.0 -180.0
50.0 362.0 -140.0
133.0 365.0 -171.0
180.0 326.0 -228.0
250.0 256.0 -252.0
301.0 185.0 -209.0
323.0 173.0 -123.0
320.0 224.0 -66.0
300.0 294.0 -92.0
250.0 310.0 -224.0
177.0 293.0 -269.0
98.0 262.0 -286.0
22.0 282.0 -242.0
26.0 328.0 -184.0
88.0 358.0 -148.0
138.0 352.0 -202.0
179.0 291.0 -265.0
255.0 157.0 -253.0
299.0 115.0 -163.0
332.0 172.0 -110.0
313.0 247.0 -123.0
259.0 285.0 -235.0
145.0 269.0 -287.0
31.0 261.0 -253.0
-2.0 304.0 -148.0
52.0 340.0 -90.0
116.0 366.0 -176.0
197.0 323.0 -235.0
274.0 220.0 -246.0
309.0 149.0 -181.0
311.0 117.0 -109.0
294.0 112.0 -68.0
283.0 125.0 -11.0
280.0 146.0 6.0
266.0 150.0 28.0
262.0 176.0 38.0
250.0 208.0 42.0
248.0 236.0 36.0
245.0 267.0 23.0
246.0 260.0 26.0
251.0 175.0 43.0
244.0 116.0 24.0
248.0 70.0 -48.0
243.0 75.0 -185.0
251.0 135.0 -247.0
268.0 172.0 -244.0
276.0 226.0 -234.0
276.0 264.0 -218.0
247.0 303.0 -221.0
207.0 307.0 -265.0
99.0 243.0 -293.0
24.0 240.0 -256.0
-5.0 287.0 -193.0
45.0 339.0 -179.0
135.0 347.0 -229.0
221.0 253.0 -265.0
294.0 178.0 -214.0
323.0 159.0 -101.0
318.0 196.0 -56.0
298.0 270.0 -56.0
278.0 318.0 -152.0
192.0 308.0 -246.0
92.0 270.0 -284.0
27.0 285.0 -233.0
21.0 307.0 -171.0
80.0 360.0 -158.0
158.0 358.0 -202.0
265.0 257.0 -241.0
306.0 186.0 -194.0
327.0 183.0 -97.0
310.0 252.0 -64.0
277.0 321.0 -133.0
214.0 320.0 -222.0
116.0 282.0 -284.0
18.0 272.0 -242.0
-21.0 273.0 -131.0
23.0 331.0 -101.0
99.0 365.0 -113.0
183.0 367.0 -163.0
245.0 327.0 -197.0
302.0 214.0 -206.0
327.0 207.0 -157.0
321.0 257.0 -157.0
264.0 296.0 -218.0
151.0 271.0 -281.0
40.0 256.0 -268.0
1.0 257.0 -195.0
0.0 306.0 -98.0
60.0 350.0 -94.0
153.0 377.0 -131.0
246.0 342.0 -160.0
298.0 280.0 -184.0
324.0 212.0 -150.0
327.0 193.0 -95.0
312.0 230.0 -52.0
297.0 297.0 -107.0
252.0 304.0 -202.0
185.0 275.0 -279.0
81.0 275.0 -279.0
22.0 304.0 -192.0
49.0 349.0 -99.0
120.0 376.0 -112.0
182.0 354.0 -200.0
244.0 258.0 -250.0
296.0 194.0 -212.0
329.0 193.0 -153.0
310.0 228.0 -148.0
291.0 253.0 -217.0
216.0 232.0 -284.0
130.0 230.0 -304.0
53.0 279.0 -261.0
31.0 315.0 -201.0
73.0 347.0 -183.0
146.0 352.0 -202.0
211.0 317.0 -239.0
273.0 227.0 -239.0
285.0 199.0 -231.0
277.0 185.0 -237.0
298.0 172.0 -220.0
294.0 144.0 -206.0
284.0 134.0 -204.0
299.0 167.0 -197.0
299.0 237.0 -197.0
271.0 285.0 -207.0
228.0 310.0 -228.0
169.0 313.0 -259.0
99.0 297.0 -273.0
81.0 261.0 -271.0
142.0 260.0 -292.0
309.0 143.0 -83.0
317.0 151.0 -129.0
291.0 145.0 -211.0
197.0 125.0 -273.0
112.0 122.0 -280.0
104.0 144.0 -286.0
173.0 179.0 -299.0
309.0 173.0 -171.0
323.0 185.0 -121.0
319.0 231.0 -65.0
292.0 290.0 -76.0
260.0 332.0 -142.0
219.0 315.0 -231.0
151.0 289.0 -279.0
89.0 293.0 -269.0
47.0 311.0 -217.0
68.0 340.0 -188.0
137.0 361.0 -195.0
200.0 344.0 -208.0
264.0 256.0 -236.0
317.0 187.0 -181.0
322.0 208.0 -116.0
312.0 254.0 -106.0
283.0 285.0 -177.0
228.0 278.0 -264.0
145.0 259.0 -297.0
68.0 250.0 -274.0
16.0 264.0 -234.0
15.0 309.0 -181.0
98.0 354.0 -186.0
181.0 353.0 -203.0
247.0 313.0 -205.0
301.0 219.0 -205.0
317.0 199.0 -135.0
311.0 253.0 -77.0
283.0 307.0 -135.0
230.0 302.0 -244.0
151.0 301.0 -273.0
82.0 302.0 -246.0
39.0 325.0 -193.0
50.0 350.0 -142.0
105.0 367.0 -131.0
177.0 367.0 -163.0
232.0 324.0 -196.0
288.0 258.0 -210.0
314.0 164.0 -176.0
326.0 176.0 -114.0
317.0 229.0 -85.0
302.0 284.0 -138.0
246.0 286.0 -236.0
159.0 273.0 -277.0
65.0 293.0 -253.0
20.0 308.0 -166.0
56.0 354.0 -138.0
144.0 362.0 -196.0
239.0 307.0 -231.0
294.0 212.0 -214.0
302.0 138.0 -172.0
283.0 95.0 -157.0
267.0 77.0 -181.0
246.0 70.0 -188.0
229.0 51.0 -159.0
219.0 33.0 -143.0
219.0 41.0 -115.0
231.0 45.0 -57.0
229.0 71.0 -5.0
224.0 110.0 38.0
235.0 171.0 49.0
223.0 191.0 61.0
218.0 138.0 46.0
218.0 94.0 32.0
207.0 63.0 -11.0
223.0 55.0 -101.0
242.0 74.0 -212.0
258.0 114.0 -240.0
249.0 161.0 -265.0
248.0 302.0 -228.0
239.0 331.0 -185.0
233.0 355.0 -147.0
236.0 350.0 -96.0
253.0 335.0 -101.0
258.0 324.0 -98.0
259.0 327.0 -101.0
271.0 315.0 -89.0
261.0 323.0 -71.0
262.0 324.0 -78.0
260.0 314.0 -66.0
262.0 320.0 -48.0
252.0 330.0 -56.0
270.0 328.0 -56.0
255.0 329.0 -65.0
260.0 326.0 -64.0
258.0 328.0 -62.0
260.0 326.0 -56.0
251.0 329.0 -61.0
248.0 324.0 -54.0
256.0 328.0 -62.0
254.0 318.0 -60.0
253.0 321.0 -61.0
