-166.0 112.0 -270.0
-160.0 106.0 -270.0
-165.0 111.0 -267.0
-157.0 109.0 -259.0
-161.0 113.0 -271.0
-163.0 109.0 -263.0
-170.0 112.0 -262.0
-169.0 97.0 -269.0
-166.0 100.0 -262.0
-155.0 105.0 -259.0
-170.0 102.0 -264.0
-167.0 107.0 -263.0
-165.0 113.0 -267.0
-171.0 111.0 -267.0
-177.0 129.0 -263.0
-187.0 145.0 -275.0
-197.0 167.0 -271.0
-204.0 168.0 -274.0
-202.0 180.0 -280.0
-207.0 205.0 -273.0
-205.0 203.0 -269.0
-213.0 203.0 -277.0
-210.0 200.0 -280.0
-211.0 205.0 -281.0
-219.0 221.0 -271.0
-224.0 246.0 -280.0
-219.0 265.0 -279.0
-230.0 290.0 -274.0
-222.0 306.0 -282.0
-223.0 313.0 -275.0
-216.0 328.0 -284.0
-214.0 332.0 -290.0
-209.0 347.0 -279.0
-215.0 347.0 -279.0
-220.0 356.0 -284.0
-210.0 356.0 -286.0
-203.0 359.0 -281.0
-206.0 372.0 -280.0
-200.0 388.0 -274.0
-189.0 395.0 -287.0
-174.0 414.0 -284.0
-178.0 424.0 -282.0
-168.0 434.0 -286.0
-165.0 427.0 -279.0
-164.0 446.0 -284.0
-163.0 453.0 -291.0
-153.0 453.0 -305.0
-137.0 469.0 -305.0
-128.0 476.0 -310.0
-106.0 486.0 -320.0
-103.0 495.0 -321.0
-90.0 496.0 -330.0
-94.0 502.0 -330.0
-82.0 506.0 -340.0
-65.0 503.0 -349.0
-52.0 494.0 -360.0
-42.0 492.0 -370.0
-21.0 483.0 -381.0
-19.0 467.0 -373.0
-8.0 470.0 -372.0
8.0 466.0 -368.0
41.0 467.0 -353.0
83.0 467.0 -325.0
112.0 470.0 -304.0
151.0 467.0 -289.0
182.0 430.0 -270.0
193.0 425.0 -271.0
207.0 405.0 -271.0
226.0 404.0 -270.0
230.0 390.0 -272.0
236.0 362.0 -248.0
240.0 340.0 -256.0
247.0 305.0 -261.0
251.0 297.0 -253.0
252.0 298.0 -254.0
253.0 281.0 -255.0
256.0 258.0 -254.0
251.0 235.0 -249.0
251.0 231.0 -257.0
246.0 230.0 -258.0
248.0 214.0 -248.0
241.0 167.0 -253.0
232.0 130.0 -248.0
211.0 101.0 -253.0
202.0 84.0 -248.0
168.0 62.0 -258.0
170.0 64.0 -250.0
152.0 42.0 -256.0
141.0 45.0 -257.0
121.0 35.0 -253.0
104.0 24.0 -264.0
105.0 35.0 -253.0
97.0 19.0 -253.0
82.0 16.0 -250.0
73.0 9.0 -253.0
43.0 19.0 -257.0
31.0 5.0 -245.0
17.0 15.0 -263.0
-12.0 8.0 -258.0
-28.0 12.0 -254.0
-62.0 22.0 -248.0
-75.0 29.0 -263.0
-96.0 42.0 -260.0
-110.0 60.0 -254.0
-116.0 58.0 -258.0
-127.0 63.0 -253.0
-129.0 63.0 -259.0
-130.0 68.0 -248.0
-135.0 79.0 -243.0
-156.0 86.0 -250.0
-163.0 91.0 -255.0
-167.0 101.0 -255.0
-172.0 116.0 -248.0
-186.0 130.0 -248.0
-186.0 138.0 -248.0
-194.0 142.0 -256.0
-196.0 156.0 -248.0
-202.0 162.0 -260.0
-202.0 180.0 -258.0
-207.0 193.0 -251.0
-200.0 186.0 -250.0
-202.0 192.0 -254.0
-212.0 196.0 -250.0
-211.0 197.0 -251.0
-206.0 192.0 -252.0
-215.0 193.0 -251.0
-212.0 196.0 -250.0
-209.0 199.0 -241.0
-214.0 196.0 -250.0
-219.0 243.0 -247.0
-223.0 263.0 -249.0
-222.0 274.0 -244.0
-215.0 299.0 -255.0
-212.0 322.0 -256.0
-205.0 335.0 -255.0
-206.0 346.0 -248.0
-202.0 356.0 -250.0
-207.0 333.0 -253.0
-211.0 273.0 -251.0
-222.0 246.0 -252.0
-211.0 211.0 -243.0
-207.0 187.0 -255.0
-196.0 166.0 -250.0
-202.0 148.0 -256.0
-197.0 149.0 -243.0
-190.0 154.0 -246.0
-193.0 151.0 -251.0
-184.0 152.0 -254.0
-189.0 151.0 -255.0
-185.0 151.0 -245.0
-169.0 107.0 -251.0
-132.0 74.0 -246.0
-77.0 37.0 -253.0
-51.0 25.0 -259.0
-49.0 21.0 -249.0
-52.0 22.0 -252.0
-49.0 25.0 -249.0
-56.0 28.0 -252.0
-38.0 28.0 -256.0
-31.0 25.0 -249.0
-33.0 25.0 -249.0
0.0 20.0 -246.0
28.0 24.0 -248.0
54.0 6.0 -242.0
77.0 17.0 -245.0
100.0 26.0 -252.0
129.0 41.0 -247.0
144.0 52.0 -254.0
161.0 55.0 -245.0
172.0 60.0 -246.0
173.0 67.0 -249.0
187.0 77.0 -241.0
189.0 87.0 -251.0
200.0 90.0 -250.0
208.0 104.0 -246.0
220.0 114.0 -246.0
222.0 114.0 -248.0
224.0 134.0 -250.0
233.0 153.0 -245.0
236.0 160.0 -242.0
232.0 172.0 -252.0
232.0 158.0 -252.0
239.0 163.0 -245.0
233.0 163.0 -255.0
229.0 163.0 -247.0
234.0 168.0 -246.0
233.0 165.0 -247.0
230.0 152.0 -246.0
229.0 155.0 -255.0
238.0 168.0 -250.0
236.0 178.0 -242.0
237.0 181.0 -245.0
249.0 221.0 -247.0
244.0 252.0 -248.0
244.0 298.0 -246.0
237.0 311.0 -245.0
233.0 335.0 -245.0
219.0 353.0 -241.0
211.0 365.0 -241.0
220.0 366.0 -254.0
217.0 375.0 -239.0
216.0 366.0 -248.0
216.0 370.0 -244.0
214.0 372.0 -252.0
213.0 387.0 -255.0
191.0 413.0 -249.0
175.0 411.0 -255.0
171.0 433.0 -247.0
150.0 446.0 -244.0
131.0 459.0 -255.0
131.0 471.0 -253.0
114.0 472.0 -258.0
87.0 483.0 -257.0
74.0 492.0 -254.0
55.0 491.0 -259.0
33.0 491.0 -263.0
2.0 494.0 -264.0
-23.0 501.0 -267.0
-46.0 498.0 -266.0
-66.0 480.0 -274.0
-78.0 490.0 -268.0
-112.0 474.0 -268.0
-127.0 463.0 -281.0
-150.0 438.0 -270.0
-158.0 438.0 -278.0
-168.0 426.0 -278.0
-182.0 418.0 -282.0
-185.0 403.0 -271.0
-210.0 380.0 -276.0
-208.0 350.0 -274.0
-223.0 305.0 -277.0
-227.0 239.0 -281.0
-222.0 232.0 -274.0
-218.0 216.0 -284.0
-215.0 189.0 -279.0
-206.0 178.0 -274.0
-197.0 167.0 -275.0
-186.0 142.0 -272.0
-168.0 128.0 -264.0
-161.0 117.0 -273.0
-148.0 86.0 -266.0
-131.0 69.0 -277.0
-105.0 57.0 -271.0
-74.0 44.0 -264.0
-41.0 27.0 -267.0
-8.0 18.0 -268.0
8.0 14.0 -262.0
20.0 16.0 -268.0
48.0 16.0 -262.0
69.0 23.0 -263.0
94.0 26.0 -266.0
121.0 41.0 -267.0
145.0 41.0 -261.0
159.0 55.0 -261.0
179.0 63.0 -267.0
187.0 79.0 -267.0
202.0 96.0 -260.0
211.0 113.0 -267.0
208.0 110.0 -262.0
208.0 112.0 -264.0
217.0 113.0 -259.0
211.0 117.0 -267.0
215.0 113.0 -271.0
204.0 116.0 -270.0
216.0 116.0 -266.0
212.0 114.0 -266.0
216.0 114.0 -268.0
218.0 108.0 -268.0
212.0 116.0 -262.0
221.0 131.0 -265.0
230.0 154.0 -266.0
238.0 188.0 -260.0
249.0 199.0 -267.0
248.0 220.0 -264.0
252.0 240.0 -260.0
243.0 273.0 -263.0
240.0 286.0 -266.0
242.0 308.0 -266.0
244.0 324.0 -264.0
236.0 338.0 -260.0
230.0 356.0 -256.0
213.0 363.0 -265.0
209.0 381.0 -263.0
200.0 388.0 -262.0
205.0 405.0 -263.0
191.0 407.0 -263.0
188.0 408.0 -262.0
194.0 404.0 -264.0
208.0 382.0 -264.0
217.0 365.0 -259.0
228.0 328.0 -258.0
243.0 315.0 -261.0
248.0 272.0 -266.0
251.0 245.0 -265.0
240.0 212.0 -258.0
228.0 178.0 -260.0
225.0 149.0 -255.0
213.0 125.0 -265.0
196.0 108.0 -264.0
177.0 81.0 -257.0
151.0 55.0 -263.0
133.0 53.0 -257.0
74.0 34.0 -272.0
26.0 12.0 -264.0
-20.0 18.0 -266.0
-66.0 32.0 -266.0
-101.0 47.0 -269.0
-136.0 80.0 -274.0
-173.0 107.0 -265.0
-193.0 143.0 -271.0
-199.0 167.0 -275.0
-202.0 164.0 -272.0
-209.0 173.0 -275.0
-197.0 163.0 -273.0
-202.0 180.0 -274.0
-203.0 167.0 -267.0
-208.0 176.0 -272.0
-195.0 167.0 -271.0
-197.0 175.0 -275.0
-200.0 168.0 -262.0
-199.0 171.0 -245.0
-194.0 150.0 -216.0
-184.0 138.0 -188.0
-170.0 144.0 -158.0
-153.0 137.0 -133.0
-136.0 126.0 -112.0
-107.0 115.0 -103.0
-83.0 115.0 -87.0
-70.0 112.0 -68.0
-35.0 113.0 -57.0
1.0 109.0 -57.0
29.0 123.0 -55.0
49.0 113.0 -63.0
53.0 111.0 -61.0
73.0 111.0 -63.0
81.0 113.0 -73.0
94.0 110.0 -74.0
92.0 106.0 -80.0
112.0 116.0 -74.0
132.0 110.0 -96.0
139.0 121.0 -103.0
146.0 116.0 -106.0
157.0 105.0 -117.0
162.0 118.0 -134.0
169.0 109.0 -135.0
173.0 125.0 -137.0
167.0 123.0 -143.0
167.0 115.0 -137.0
175.0 107.0 -145.0
184.0 126.0 -158.0
189.0 113.0 -167.0
201.0 127.0 -181.0
202.0 124.0 -196.0
210.0 128.0 -202.0
210.0 132.0 -212.0
204.0 138.0 -236.0
207.0 133.0 -249.0
221.0 139.0 -265.0
198.0 146.0 -276.0
202.0 144.0 -290.0
206.0 144.0 -302.0
201.0 145.0 -311.0
195.0 149.0 -327.0
187.0 159.0 -335.0
198.0 156.0 -346.0
182.0 164.0 -350.0
179.0 161.0 -351.0
179.0 171.0 -375.0
164.0 164.0 -386.0
144.0 162.0 -404.0
120.0 172.0 -410.0
113.0 173.0 -425.0
115.0 179.0 -427.0
93.0 183.0 -437.0
95.0 171.0 -427.0
78.0 166.0 -436.0
81.0 167.0 -437.0
64.0 172.0 -446.0
54.0 180.0 -440.0
38.0 166.0 -444.0
44.0 172.0 -444.0
39.0 169.0 -455.0
34.0 164.0 -448.0
24.0 162.0 -454.0
20.0 170.0 -442.0
13.0 169.0 -455.0
4.0 166.0 -442.0
-3.0 153.0 -443.0
0.0 156.0 -446.0
-23.0 157.0 -441.0
-12.0 152.0 -436.0
-25.0 159.0 -441.0
-44.0 160.0 -440.0
-44.0 166.0 -438.0
-40.0 158.0 -432.0
-55.0 159.0 -429.0
-60.0 156.0 -428.0
-65.0 151.0 -429.0
-93.0 153.0 -413.0
-100.0 148.0 -400.0
-112.0 154.0 -392.0
-121.0 149.0 -389.0
-131.0 147.0 -373.0
-134.0 160.0 -374.0
-140.0 152.0 -366.0
-151.0 151.0 -349.0
-166.0 146.0 -328.0
-162.0 152.0 -312.0
-171.0 137.0 -303.0
-172.0 138.0 -286.0
-167.0 141.0 -255.0
-174.0 136.0 -244.0
-174.0 132.0 -228.0
-175.0 123.0 -213.0
-161.0 131.0 -193.0
-169.0 129.0 -195.0
-157.0 125.0 -185.0
-155.0 135.0 -179.0
-152.0 122.0 -176.0
-167.0 129.0 -179.0
-141.0 117.0 -159.0
-128.0 112.0 -158.0
-128.0 114.0 -134.0
-121.0 115.0 -125.0
-108.0 110.0 -108.0
-78.0 110.0 -94.0
-62.0 100.0 -80.0
-57.0 105.0 -81.0
-39.0 109.0 -73.0
-22.0 96.0 -82.0
9.0 95.0 -73.0
21.0 97.0 -77.0
26.0 86.0 -74.0
34.0 86.0 -80.0
51.0 89.0 -83.0
61.0 83.0 -79.0
81.0 87.0 -97.0
86.0 88.0 -100.0
91.0 83.0 -93.0
99.0 83.0 -101.0
93.0 87.0 -101.0
104.0 88.0 -98.0
114.0 98.0 -104.0
106.0 100.0 -94.0
121.0 103.0 -107.0
112.0 108.0 -102.0
127.0 113.0 -93.0
133.0 107.0 -99.0
133.0 113.0 -111.0
150.0 114.0 -124.0
170.0 114.0 -134.0
176.0 124.0 -154.0
181.0 117.0 -159.0
192.0 120.0 -170.0
199.0 133.0 -187.0
207.0 143.0 -199.0
204.0 132.0 -216.0
204.0 136.0 -240.0
203.0 143.0 -253.0
206.0 134.0 -272.0
201.0 141.0 -297.0
194.0 150.0 -322.0
184.0 150.0 -344.0
174.0 146.0 -364.0
173.0 149.0 -373.0
152.0 146.0 -382.0
149.0 151.0 -395.0
141.0 155.0 -413.0
131.0 155.0 -425.0
104.0 154.0 -434.0
88.0 160.0 -432.0
80.0 146.0 -448.0
63.0 151.0 -445.0
53.0 147.0 -449.0
31.0 147.0 -449.0
-1.0 163.0 -457.0
-20.0 152.0 -452.0
-33.0 155.0 -445.0
-52.0 150.0 -426.0
-61.0 149.0 -425.0
-62.0 150.0 -432.0
-80.0 148.0 -406.0
-88.0 130.0 -408.0
-86.0 136.0 -402.0
-82.0 134.0 -398.0
-96.0 142.0 -394.0
-97.0 139.0 -395.0
-106.0 144.0 -396.0
-115.0 145.0 -377.0
-130.0 124.0 -354.0
-139.0 131.0 -335.0
-142.0 124.0 -336.0
-152.0 122.0 -316.0
-153.0 119.0 -295.0
-172.0 116.0 -280.0
-169.0 117.0 -267.0
-164.0 126.0 -260.0
-169.0 125.0 -251.0
-168.0 128.0 -250.0
-168.0 130.0 -228.0
-173.0 131.0 -233.0
-169.0 117.0 -247.0
-163.0 129.0 -269.0
-169.0 131.0 -283.0
-169.0 131.0 -273.0
-161.0 137.0 -283.0
-170.0 136.0 -270.0
-165.0 131.0 -249.0
-169.0 119.0 -229.0
-176.0 124.0 -212.0
-167.0 133.0 -201.0
-165.0 131.0 -193.0
-170.0 126.0 -194.0
-173.0 113.0 -225.0
-164.0 126.0 -272.0
-162.0 140.0 -304.0
-157.0 159.0 -323.0
-168.0 176.0 -340.0
-168.0 214.0 -374.0
-164.0 250.0 -382.0
-166.0 254.0 -388.0
-170.0 260.0 -388.0
-174.0 256.0 -382.0
-161.0 263.0 -381.0
-165.0 255.0 -385.0
-161.0 271.0 -383.0
-169.0 269.0 -385.0
-171.0 265.0 -379.0
-167.0 265.0 -385.0
-162.0 274.0 -386.0
-160.0 276.0 -384.0
-169.0 293.0 -377.0
-163.0 305.0 -373.0
-164.0 320.0 -372.0
-176.0 346.0 -348.0
-175.0 357.0 -325.0
-177.0 369.0 -307.0
-187.0 377.0 -289.0
-182.0 384.0 -272.0
-178.0 378.0 -248.0
-174.0 376.0 -224.0
-175.0 375.0 -203.0
-175.0 361.0 -197.0
-175.0 355.0 -187.0
-176.0 352.0 -174.0
-178.0 344.0 -174.0
-178.0 340.0 -166.0
-174.0 334.0 -158.0
-181.0 335.0 -153.0
-181.0 321.0 -145.0
-180.0 314.0 -138.0
-176.0 322.0 -146.0
-169.0 301.0 -135.0
-183.0 301.0 -137.0
-186.0 294.0 -138.0
-174.0 280.0 -130.0
-179.0 255.0 -123.0
-175.0 245.0 -129.0
-175.0 239.0 -123.0
-173.0 255.0 -121.0
-182.0 244.0 -130.0
-169.0 221.0 -125.0
-173.0 211.0 -129.0
-174.0 210.0 -126.0
-165.0 201.0 -129.0
-171.0 189.0 -129.0
-171.0 185.0 -129.0
-171.0 185.0 -135.0
-162.0 178.0 -136.0
-161.0 159.0 -151.0
-168.0 154.0 -148.0
-162.0 152.0 -158.0
-162.0 156.0 -160.0
-166.0 154.0 -162.0
-169.0 145.0 -181.0
-174.0 140.0 -198.0
-174.0 140.0 -212.0
-168.0 134.0 -226.0
-172.0 142.0 -238.0
-161.0 145.0 -269.0
-158.0 144.0 -276.0
-161.0 155.0 -299.0
-166.0 164.0 -308.0
-160.0 180.0 -316.0
-160.0 176.0 -326.0
-167.0 185.0 -333.0
-166.0 196.0 -342.0
-163.0 197.0 -341.0
-165.0 213.0 -351.0
-161.0 215.0 -341.0
-164.0 200.0 -336.0
-163.0 173.0 -313.0
-159.0 165.0 -315.0
-174.0 148.0 -286.0
-171.0 145.0 -265.0
-169.0 145.0 -243.0
-166.0 142.0 -208.0
-171.0 147.0 -185.0
-173.0 157.0 -165.0
-168.0 182.0 -150.0
-171.0 177.0 -141.0
-169.0 197.0 -135.0
-177.0 191.0 -133.0
-177.0 207.0 -123.0
-170.0 224.0 -128.0
-170.0 216.0 -134.0
-172.0 234.0 -126.0
-170.0 264.0 -124.0
-171.0 283.0 -131.0
-168.0 302.0 -144.0
-170.0 302.0 -142.0
-172.0 324.0 -136.0
-182.0 330.0 -158.0
-178.0 342.0 -162.0
-167.0 347.0 -175.0
-179.0 353.0 -173.0
-170.0 346.0 -164.0
-180.0 346.0 -176.0
-182.0 356.0 -178.0
-182.0 356.0 -192.0
-184.0 350.0 -200.0
-186.0 364.0 -204.0
-182.0 378.0 -236.0
-183.0 375.0 -249.0
-180.0 376.0 -278.0
-189.0 367.0 -303.0
-173.0 369.0 -317.0
-179.0 347.0 -323.0
-179.0 345.0 -335.0
-176.0 332.0 -350.0
-184.0 316.0 -352.0
-175.0 323.0 -361.0
-174.0 314.0 -366.0
-172.0 316.0 -374.0
-172.0 314.0 -366.0
-173.0 315.0 -367.0
-170.0 308.0 -374.0
-168.0 310.0 -374.0
-166.0 308.0 -380.0
-165.0 305.0 -383.0
-169.0 313.0 -381.0
-168.0 318.0 -390.0
-171.0 325.0 -377.0
-165.0 321.0 -375.0
-173.0 345.0 -381.0
-173.0 333.0 -369.0
-166.0 326.0 -378.0
-170.0 310.0 -374.0
-171.0 309.0 -375.0
-168.0 292.0 -372.0
-178.0 284.0 -370.0
-171.0 279.0 -369.0
-169.0 267.0 -363.0
-176.0 264.0 -366.0
-174.0 264.0 -374.0
-174.0 248.0 -362.0
-178.0 252.0 -376.0
-176.0 248.0 -378.0
-180.0 240.0 -364.0
-168.0 246.0 -356.0
-174.0 242.0 -366.0
-177.0 237.0 -355.0
-175.0 231.0 -355.0
-175.0 229.0 -351.0
-180.0 212.0 -354.0
-176.0 188.0 -338.0
-174.0 162.0 -310.0
-174.0 144.0 -296.0
-173.0 141.0 -261.0
-177.0 133.0 -249.0
-178.0 148.0 -230.0
-173.0 159.0 -211.0
-187.0 163.0 -189.0
-183.0 177.0 -165.0
-184.0 186.0 -158.0
-184.0 210.0 -142.0
-177.0 209.0 -141.0
-178.0 224.0 -134.0
-185.0 239.0 -137.0
-181.0 249.0 -131.0
-176.0 236.0 -130.0
-176.0 212.0 -134.0
-172.0 182.0 -144.0
-167.0 133.0 -173.0
-169.0 123.0 -217.0
-168.0 118.0 -244.0
-164.0 118.0 -272.0
-160.0 112.0 -298.0
-150.0 142.0 -324.0
-155.0 163.0 -357.0
-158.0 186.0 -370.0
-162.0 222.0 -390.0
-152.0 242.0 -394.0
-166.0 266.0 -402.0
-167.0 291.0 -397.0
-177.0 299.0 -393.0
-181.0 311.0 -385.0
-174.0 318.0 -396.0
-173.0 311.0 -387.0
-176.0 306.0 -378.0
-181.0 297.0 -359.0
-184.0 302.0 -368.0
-185.0 311.0 -373.0
-178.0 328.0 -370.0
-177.0 353.0 -341.0
-177.0 381.0 -309.0
-173.0 393.0 -271.0
-173.0 393.0 -261.0
-174.0 400.0 -226.0
-180.0 384.0 -202.0
-174.0 370.0 -184.0
-171.0 347.0 -157.0
-163.0 325.0 -133.0
-173.0 291.0 -117.0
-170.0 268.0 -110.0
-170.0 246.0 -100.0
-161.0 225.0 -101.0
-163.0 217.0 -111.0
-156.0 188.0 -116.0
-154.0 162.0 -124.0
-155.0 139.0 -145.0
-155.0 129.0 -157.0
-149.0 127.0 -167.0
-155.0 115.0 -171.0
-153.0 123.0 -161.0
-144.0 118.0 -166.0
-151.0 123.0 -169.0
-153.0 129.0 -175.0
-157.0 121.0 -185.0
-156.0 122.0 -200.0
-158.0 126.0 -220.0
-156.0 132.0 -232.0
-158.0 122.0 -256.0
-157.0 129.0 -259.0
-164.0 128.0 -274.0
-162.0 152.0 -294.0
-162.0 160.0 -302.0
-161.0 161.0 -327.0
-149.0 183.0 -327.0
-153.0 163.0 -315.0
-154.0 132.0 -276.0
-158.0 128.0 -244.0
-172.0 130.0 -212.0
-167.0 133.0 -175.0
-162.0 152.0 -148.0
-160.0 176.0 -134.0
-169.0 205.0 -119.0
-168.0 236.0 -116.0
-177.0 295.0 -129.0
-179.0 315.0 -145.0
-180.0 328.0 -156.0
-166.0 334.0 -160.0
-178.0 348.0 -172.0
-174.0 354.0 -176.0
-176.0 354.0 -180.0
-183.0 345.0 -179.0
-180.0 350.0 -176.0
-183.0 367.0 -193.0
-182.0 366.0 -206.0
-175.0 379.0 -237.0
-180.0 378.0 -278.0
-178.0 356.0 -322.0
-176.0 344.0 -342.0
-174.0 322.0 -350.0
-173.0 325.0 -353.0
-174.0 312.0 -350.0
-166.0 284.0 -364.0
-171.0 271.0 -369.0
-169.0 247.0 -367.0
-175.0 239.0 -377.0
-171.0 227.0 -361.0
-172.0 188.0 -354.0
-182.0 174.0 -340.0
-169.0 157.0 -333.0
-167.0 145.0 -327.0
-165.0 141.0 -311.0
-167.0 141.0 -311.0
-170.0 140.0 -312.0
-160.0 138.0 -300.0
-175.0 147.0 -305.0
-170.0 136.0 -316.0
-171.0 133.0 -305.0
-166.0 130.0 -290.0
-172.0 128.0 -290.0
-180.0 128.0 -288.0
-166.0 112.0 -250.0
-160.0 106.0 -220.0
-144.0 106.0 -184.0
-128.0 98.0 -140.0
-99.0 97.0 -125.0
-82.0 98.0 -88.0
-47.0 91.0 -87.0
-23.0 73.0 -107.0
3.0 71.0 -91.0
24.0 74.0 -94.0
55.0 67.0 -101.0
71.0 71.0 -97.0
77.0 79.0 -101.0
87.0 75.0 -105.0
95.0 89.0 -93.0
100.0 98.0 -96.0
112.0 104.0 -96.0
120.0 110.0 -102.0
160.0 76.0 -144.0
156.0 70.0 -174.0
165.0 85.0 -185.0
189.0 89.0 -213.0
192.0 98.0 -224.0
199.0 111.0 -265.0
186.0 118.0 -288.0
204.0 116.0 -296.0
197.0 123.0 -317.0
179.0 129.0 -339.0
146.0 128.0 -384.0
115.0 143.0 -417.0
77.0 145.0 -441.0
47.0 143.0 -439.0
38.0 146.0 -436.0
10.0 142.0 -444.0
-6.0 150.0 -444.0
-23.0 145.0 -441.0
-28.0 144.0 -442.0
-40.0 138.0 -434.0
-51.0 137.0 -421.0
-66.0 132.0 -408.0
-81.0 125.0 -403.0
-88.0 130.0 -390.0
-101.0 99.0 -359.0
-109.0 95.0 -323.0
-122.0 96.0 -312.0
-145.0 115.0 -297.0
-157.0 113.0 -289.0
-159.0 111.0 -275.0
-166.0 122.0 -272.0
-163.0 117.0 -239.0
-170.0 134.0 -188.0
-160.0 128.0 -186.0
-167.0 139.0 -171.0
-163.0 151.0 -163.0
-166.0 164.0 -162.0
-178.0 174.0 -174.0
-183.0 199.0 -177.0
-183.0 197.0 -185.0
-184.0 220.0 -176.0
-181.0 211.0 -171.0
-171.0 209.0 -157.0
-169.0 217.0 -155.0
-180.0 232.0 -164.0
-171.0 231.0 -155.0
-178.0 264.0 -166.0
-182.0 286.0 -170.0
-168.0 278.0 -154.0
-177.0 259.0 -175.0
-191.0 251.0 -175.0
-155.0 175.0 -141.0
-106.0 136.0 -114.0
-70.0 120.0 -102.0
-24.0 118.0 -74.0
9.0 117.0 -89.0
27.0 105.0 -91.0
49.0 113.0 -101.0
66.0 112.0 -120.0
69.0 111.0 -167.0
66.0 106.0 -150.0
54.0 94.0 -102.0
-27.0 141.0 -69.0
-66.0 144.0 -78.0
-108.0 146.0 -104.0
-159.0 161.0 -155.0
-189.0 193.0 -209.0
-188.0 186.0 -210.0
-190.0 186.0 -204.0
-197.0 183.0 -217.0
-188.0 188.0 -216.0
-185.0 187.0 -213.0
-181.0 179.0 -219.0
-173.0 169.0 -209.0
-184.0 194.0 -182.0
-191.0 231.0 -173.0
-176.0 268.0 -164.0
-168.0 298.0 -164.0
-164.0 308.0 -170.0
-160.0 318.0 -164.0
-160.0 326.0 -160.0
-152.0 332.0 -160.0
-169.0 329.0 -167.0
-197.0 275.0 -205.0
-195.0 229.0 -219.0
-201.0 229.0 -221.0
-186.0 200.0 -208.0
-198.0 212.0 -212.0
-190.0 238.0 -200.0
-194.0 230.0 -190.0
-193.0 227.0 -211.0
-187.0 183.0 -219.0
-159.0 125.0 -229.0
-125.0 73.0 -229.0
-58.0 50.0 -234.0
-45.0 27.0 -231.0
-94.0 58.0 -238.0
-157.0 109.0 -239.0
-194.0 186.0 -238.0
-200.0 272.0 -196.0
-178.0 310.0 -180.0
-172.0 318.0 -192.0
-177.0 319.0 -191.0
-171.0 339.0 -203.0
-166.0 366.0 -218.0
-179.0 369.0 -233.0
-184.0 358.0 -260.0
-195.0 317.0 -279.0
-194.0 268.0 -298.0
-182.0 254.0 -326.0
-187.0 245.0 -329.0
-188.0 250.0 -328.0
-179.0 255.0 -333.0
-188.0 260.0 -326.0
-187.0 249.0 -331.0
-185.0 247.0 -325.0
-187.0 255.0 -329.0
-190.0 244.0 -332.0
-192.0 238.0 -328.0
-181.0 233.0 -337.0
-185.0 231.0 -335.0
-179.0 239.0 -341.0
-185.0 233.0 -347.0
-176.0 238.0 -334.0
-177.0 233.0 -339.0
-176.0 234.0 -346.0
-178.0 236.0 -344.0
-181.0 239.0 -343.0
-180.0 238.0 -344.0
-178.0 248.0 -342.0
-181.0 249.0 -347.0
-180.0 254.0 -346.0
-179.0 249.0 -351.0
-177.0 249.0 -337.0
-184.0 258.0 -342.0
-182.0 246.0 -336.0
-184.0 254.0 -332.0
-187.0 249.0 -329.0
-181.0 243.0 -337.0
-189.0 247.0 -333.0
-181.0 245.0 -339.0
-182.0 256.0 -336.0
-185.0 259.0 -339.0
-181.0 263.0 -327.0
-183.0 265.0 -335.0
-181.0 273.0 -337.0
-185.0 261.0 -341.0
-179.0 263.0 -355.0
-177.0 263.0 -349.0
-174.0 266.0 -354.0
-165.0 257.0 -365.0
-176.0 268.0 -356.0
-170.0 270.0 -346.0
-166.0 284.0 -356.0
-180.0 258.0 -348.0
-182.0 260.0 -332.0
-204.0 258.0 -314.0
-199.0 281.0 -265.0
-189.0 343.0 -285.0
-150.0 324.0 -360.0
-162.0 342.0 -352.0
-171.0 339.0 -337.0
-168.0 336.0 -326.0
-191.0 313.0 -289.0
-203.0 299.0 -281.0
-199.0 287.0 -257.0
-208.0 282.0 -242.0
-202.0 278.0 -248.0
-197.0 245.0 -251.0
-192.0 184.0 -270.0
-182.0 140.0 -292.0
-161.0 117.0 -261.0
-163.0 113.0 -261.0
-164.0 116.0 -266.0
-156.0 122.0 -272.0
-161.0 115.0 -267.0
-169.0 119.0 -279.0
-165.0 135.0 -273.0
-173.0 139.0 -285.0
-177.0 133.0 -279.0
-168.0 138.0 -264.0
-161.0 121.0 -259.0
-159.0 113.0 -255.0
-162.0 100.0 -246.0
-148.0 100.0 -242.0
-137.0 93.0 -229.0
-127.0 67.0 -231.0
-95.0 53.0 -233.0
-75.0 43.0 -235.0
-61.0 35.0 -237.0
-35.0 25.0 -249.0
-25.0 17.0 -249.0
6.0 14.0 -252.0
32.0 10.0 -240.0
65.0 11.0 -251.0
93.0 21.0 -263.0
110.0 32.0 -264.0
123.0 41.0 -263.0
161.0 59.0 -271.0
177.0 87.0 -287.0
194.0 100.0 -284.0
216.0 136.0 -280.0
215.0 157.0 -271.0
220.0 178.0 -288.0
235.0 193.0 -267.0
236.0 214.0 -284.0
235.0 213.0 -279.0
237.0 187.0 -271.0
217.0 141.0 -271.0
203.0 99.0 -267.0
172.0 70.0 -258.0
136.0 40.0 -248.0
106.0 24.0 -242.0
90.0 24.0 -250.0
65.0 15.0 -255.0
52.0 10.0 -250.0
35.0 3.0 -259.0
26.0 10.0 -260.0
-3.0 9.0 -251.0
-26.0 16.0 -250.0
-34.0 22.0 -264.0
-41.0 19.0 -241.0
-39.0 13.0 -255.0
-47.0 23.0 -251.0
-68.0 42.0 -262.0
-111.0 59.0 -271.0
-132.0 90.0 -302.0
-157.0 109.0 -283.0
-165.0 125.0 -267.0
-175.0 137.0 -259.0
-182.0 162.0 -250.0
-192.0 170.0 -242.0
-193.0 195.0 -255.0
-195.0 207.0 -241.0
-195.0 223.0 -231.0
-198.0 260.0 -222.0
-196.0 292.0 -212.0
-181.0 329.0 -215.0
-159.0 369.0 -211.0
-153.0 381.0 -211.0
-145.0 391.0 -221.0
-131.0 403.0 -229.0
-120.0 426.0 -234.0
-120.0 414.0 -240.0
-109.0 433.0 -241.0
-96.0 432.0 -216.0
-101.0 409.0 -167.0
-86.0 392.0 -150.0
-87.0 373.0 -109.0
-86.0 338.0 -80.0
-77.0 311.0 -67.0
-85.0 275.0 -57.0
-77.0 255.0 -61.0
-80.0 240.0 -56.0
-81.0 227.0 -53.0
-83.0 197.0 -53.0
-90.0 146.0 -76.0
-100.0 104.0 -102.0
-91.0 77.0 -153.0
-90.0 64.0 -186.0
-87.0 63.0 -231.0
-98.0 78.0 -298.0
-92.0 116.0 -348.0
-94.0 136.0 -364.0
-91.0 163.0 -393.0
-95.0 189.0 -399.0
-92.0 206.0 -416.0
-92.0 218.0 -414.0
-96.0 240.0 -418.0
-86.0 260.0 -428.0
-93.0 271.0 -435.0
-94.0 284.0 -432.0
-84.0 300.0 -426.0
-89.0 315.0 -427.0
-88.0 334.0 -412.0
-87.0 351.0 -413.0
-83.0 367.0 -393.0
-79.0 391.0 -385.0
-96.0 410.0 -362.0
-101.0 417.0 -343.0
-101.0 435.0 -321.0
-100.0 436.0 -294.0
-97.0 435.0 -271.0
-98.0 444.0 -248.0
-109.0 437.0 -207.0
-104.0 404.0 -176.0
-108.0 392.0 -152.0
-106.0 362.0 -124.0
-99.0 339.0 -115.0
-100.0 312.0 -104.0
-91.0 287.0 -99.0
-117.0 275.0 -101.0
-105.0 275.0 -97.0
-110.0 260.0 -96.0
-110.0 262.0 -92.0
-107.0 257.0 -103.0
-111.0 271.0 -129.0
-129.0 319.0 -129.0
-131.0 379.0 -165.0
-117.0 421.0 -233.0
-93.0 431.0 -307.0
-66.0 412.0 -376.0
-73.0 379.0 -399.0
-65.0 343.0 -425.0
-63.0 313.0 -431.0
-61.0 273.0 -433.0
-70.0 248.0 -434.0
-66.0 224.0 -428.0
-78.0 208.0 -424.0
-77.0 207.0 -419.0
-69.0 185.0 -425.0
-64.0 170.0 -410.0
-67.0 167.0 -407.0
-64.0 132.0 -380.0
-68.0 102.0 -360.0
-66.0 70.0 -320.0
-79.0 61.0 -267.0
-88.0 54.0 -218.0
-87.0 71.0 -159.0
-93.0 97.0 -117.0
-94.0 122.0 -96.0
-88.0 158.0 -86.0
-100.0 184.0 -66.0
-91.0 213.0 -55.0
-91.0 237.0 -45.0
-91.0 253.0 -47.0
-83.0 269.0 -43.0
-86.0 288.0 -60.0
-91.0 315.0 -67.0
-100.0 348.0 -98.0
-94.0 368.0 -124.0
-97.0 403.0 -167.0
-105.0 423.0 -207.0
-109.0 431.0 -229.0
-106.0 438.0 -228.0
-122.0 436.0 -246.0
-109.0 435.0 -255.0
-108.0 434.0 -262.0
-103.0 433.0 -263.0
-112.0 428.0 -274.0
-109.0 433.0 -259.0
-100.0 424.0 -240.0
-98.0 438.0 -216.0
-87.0 429.0 -199.0
-69.0 435.0 -175.0
-52.0 426.0 -162.0
-49.0 443.0 -151.0
-39.0 427.0 -147.0
-6.0 432.0 -152.0
-1.0 433.0 -143.0
10.0 436.0 -150.0
12.0 434.0 -146.0
23.0 427.0 -137.0
28.0 422.0 -140.0
22.0 432.0 -132.0
20.0 424.0 -132.0
34.0 436.0 -132.0
19.0 425.0 -127.0
25.0 415.0 -129.0
28.0 422.0 -134.0
37.0 431.0 -135.0
50.0 422.0 -142.0
58.0 432.0 -144.0
65.0 423.0 -133.0
88.0 414.0 -144.0
99.0 419.0 -145.0
108.0 412.0 -166.0
114.0 420.0 -172.0
117.0 423.0 -187.0
119.0 425.0 -197.0
116.0 426.0 -206.0
120.0 434.0 -222.0
122.0 436.0 -230.0
115.0 439.0 -243.0
114.0 438.0 -258.0
110.0 442.0 -254.0
115.0 443.0 -265.0
110.0 446.0 -268.0
103.0 449.0 -277.0
111.0 449.0 -271.0
106.0 436.0 -294.0
92.0 454.0 -304.0
83.0 461.0 -323.0
65.0 461.0 -335.0
35.0 461.0 -341.0
23.0 463.0 -347.0
-6.0 468.0 -348.0
-25.0 465.0 -361.0
-46.0 466.0 -362.0
-62.0 460.0 -366.0
-82.0 466.0 -382.0
-90.0 466.0 -376.0
-108.0 456.0 -360.0
-118.0 452.0 -354.0
-122.0 452.0 -342.0
-124.0 452.0 -320.0
-125.0 455.0 -323.0
-121.0 461.0 -329.0
-110.0 456.0 -316.0
-118.0 456.0 -302.0
-123.0 443.0 -285.0
-118.0 442.0 -270.0
-115.0 451.0 -285.0
-116.0 446.0 -308.0
-112.0 448.0 -290.0
-116.0 446.0 -280.0
-118.0 446.0 -276.0
-121.0 441.0 -261.0
-120.0 442.0 -250.0
-124.0 438.0 -260.0
-128.0 442.0 -254.0
-128.0 436.0 -240.0
-129.0 437.0 -243.0
-131.0 437.0 -235.0
-127.0 445.0 -243.0
-125.0 437.0 -247.0
-118.0 434.0 -238.0
-109.0 433.0 -241.0
-105.0 435.0 -229.0
-109.0 435.0 -225.0
-103.0 427.0 -213.0
-107.0 417.0 -215.0
-108.0 420.0 -204.0
-101.0 421.0 -211.0
-96.0 428.0 -208.0
-84.0 416.0 -188.0
-87.0 413.0 -175.0
-70.0 414.0 -170.0
-63.0 413.0 -143.0
-73.0 411.0 -153.0
-102.0 422.0 -176.0
-122.0 404.0 -232.0
-114.0 414.0 -284.0
-109.0 427.0 -339.0
-72.0 434.0 -356.0
-33.0 429.0 -383.0
-21.0 425.0 -393.0
-4.0 432.0 -400.0
14.0 434.0 -400.0
30.0 432.0 -394.0
45.0 425.0 -393.0
78.0 432.0 -380.0
99.0 429.0 -353.0
127.0 425.0 -339.0
156.0 408.0 -300.0
164.0 392.0 -266.0
164.0 394.0 -244.0
161.0 387.0 -223.0
173.0 385.0 -193.0
153.0 375.0 -159.0
145.0 371.0 -147.0
138.0 378.0 -140.0
138.0 378.0 -134.0
104.0 386.0 -122.0
95.0 393.0 -107.0
77.0 395.0 -109.0
68.0 398.0 -114.0
42.0 408.0 -108.0
-13.0 413.0 -115.0
-50.0 412.0 -128.0
-81.0 407.0 -143.0
-90.0 404.0 -154.0
-113.0 399.0 -155.0
-118.0 406.0 -162.0
-143.0 393.0 -185.0
-148.0 384.0 -216.0
-157.0 389.0 -241.0
-156.0 394.0 -262.0
-140.0 408.0 -276.0
-130.0 402.0 -284.0
-129.0 409.0 -293.0
-138.0 406.0 -300.0
-123.0 407.0 -311.0
-107.0 417.0 -337.0
-74.0 422.0 -354.0
-80.0 424.0 -370.0
-72.0 434.0 -372.0
-60.0 432.0 -390.0
-60.0 422.0 -390.0
-43.0 437.0 -393.0
-22.0 440.0 -388.0
6.0 446.0 -394.0
13.0 449.0 -383.0
20.0 450.0 -382.0
30.0 462.0 -376.0
34.0 452.0 -384.0
8.0 454.0 -384.0
-3.0 453.0 -383.0
9.0 453.0 -385.0
9.0 455.0 -387.0
21.0 463.0 -381.0
39.0 459.0 -373.0
54.0 460.0 -356.0
101.0 441.0 -351.0
138.0 438.0 -318.0
149.0 429.0 -289.0
162.0 422.0 -260.0
157.0 411.0 -221.0
138.0 402.0 -176.0
132.0 396.0 -150.0
114.0 392.0 -126.0
88.0 378.0 -100.0
77.0 373.0 -89.0
53.0 373.0 -77.0
42.0 382.0 -88.0
31.0 389.0 -81.0
21.0 379.0 -83.0
0.0 354.0 -76.0
-29.0 363.0 -71.0
-50.0 368.0 -80.0
-77.0 365.0 -93.0
-91.0 379.0 -107.0
-97.0 401.0 -131.0
-109.0 399.0 -155.0
-126.0 400.0 -178.0
-122.0 416.0 -202.0
-123.0 409.0 -215.0
-116.0 426.0 -242.0
-108.0 430.0 -264.0
-101.0 435.0 -263.0
-111.0 427.0 -251.0
-115.0 409.0 -203.0
-112.0 378.0 -124.0
-77.0 339.0 -87.0
-75.0 323.0 -69.0
-119.0 339.0 -107.0
-166.0 358.0 -172.0
-165.0 365.0 -209.0
-152.0 392.0 -238.0
-129.0 417.0 -233.0
-107.0 405.0 -189.0
-94.0 374.0 -132.0
-67.0 335.0 -89.0
-60.0 304.0 -60.0
-87.0 301.0 -59.0
-148.0 298.0 -100.0
-184.0 302.0 -176.0
-195.0 313.0 -271.0
-168.0 338.0 -328.0
-151.0 381.0 -319.0
-146.0 404.0 -264.0
-127.0 395.0 -183.0
-112.0 328.0 -102.0
-67.0 285.0 -57.0
-41.0 263.0 -45.0
-54.0 262.0 -44.0
-114.0 266.0 -80.0
-172.0 258.0 -138.0
-198.0 268.0 -222.0
-192.0 302.0 -298.0
-173.0 347.0 -307.0
-150.0 390.0 -244.0
-102.0 390.0 -166.0
-58.0 354.0 -92.0
-37.0 335.0 -65.0
-44.0 318.0 -56.0
-56.0 300.0 -50.0
-115.0 299.0 -87.0
-174.0 296.0 -150.0
-191.0 305.0 -203.0
-192.0 324.0 -286.0
-155.0 385.0 -297.0
-121.0 415.0 -225.0
-89.0 387.0 -135.0
-95.0 347.0 -101.0
-128.0 304.0 -100.0
-134.0 266.0 -102.0
-145.0 265.0 -89.0
-159.0 277.0 -121.0
-190.0 310.0 -184.0
-162.0 370.0 -224.0
-101.0 437.0 -219.0
-1.0 451.0 -219.0
64.0 440.0 -194.0
99.0 439.0 -187.0
38.0 446.0 -172.0
-56.0 426.0 -156.0
-121.0 381.0 -149.0
-164.0 320.0 -148.0
-185.0 245.0 -163.0
-182.0 192.0 -174.0
-183.0 169.0 -189.0
-180.0 178.0 -210.0
-206.0 222.0 -216.0
-207.0 265.0 -243.0
-188.0 318.0 -256.0
-164.0 370.0 -282.0
-110.0 426.0 -294.0
-37.0 455.0 -305.0
56.0 458.0 -294.0
106.0 434.0 -276.0
169.0 389.0 -269.0
206.0 358.0 -264.0
220.0 314.0 -256.0
232.0 294.0 -256.0
233.0 283.0 -243.0
234.0 256.0 -214.0
232.0 242.0 -234.0
231.0 185.0 -239.0
223.0 143.0 -239.0
231.0 181.0 -239.0
231.0 285.0 -231.0
172.0 384.0 -220.0
107.0 437.0 -215.0
6.0 460.0 -204.0
-84.0 428.0 -192.0
-159.0 365.0 -193.0
-198.0 282.0 -210.0
-196.0 196.0 -222.0
-177.0 123.0 -233.0
-130.0 78.0 -240.0
-93.0 43.0 -235.0
-85.0 43.0 -235.0
-94.0 44.0 -248.0
-70.0 38.0 -242.0
-51.0 25.0 -255.0
-36.0 20.0 -252.0
-91.0 49.0 -265.0
-140.0 86.0 -250.0
-173.0 141.0 -267.0
-196.0 202.0 -264.0
-203.0 269.0 -257.0
-184.0 338.0 -254.0
-137.0 393.0 -273.0
-78.0 450.0 -256.0
29.0 463.0 -251.0
113.0 437.0 -237.0
178.0 388.0 -236.0
203.0 345.0 -219.0
223.0 293.0 -205.0
229.0 241.0 -217.0
223.0 171.0 -227.0
205.0 119.0 -255.0
189.0 111.0 -249.0
215.0 119.0 -241.0
230.0 182.0 -244.0
230.0 272.0 -238.0
200.0 346.0 -216.0
155.0 407.0 -237.0
109.0 437.0 -237.0
66.0 446.0 -210.0
2.0 462.0 -200.0
-67.0 435.0 -187.0
-135.0 395.0 -179.0
-176.0 336.0 -188.0
-202.0 278.0 -206.0
-193.0 215.0 -215.0
-193.0 173.0 -239.0
-171.0 123.0 -239.0
-183.0 153.0 -253.0
-202.0 248.0 -234.0
-173.0 353.0 -191.0
-96.0 422.0 -182.0
-38.0 456.0 -200.0
-18.0 446.0 -188.0
-29.0 451.0 -185.0
-63.0 419.0 -157.0
-70.0 414.0 -144.0
-89.0 387.0 -121.0
-106.0 326.0 -88.0
-91.0 307.0 -73.0
-95.0 269.0 -61.0
-85.0 255.0 -55.0
-70.0 224.0 -46.0
-79.0 227.0 -39.0
-92.0 218.0 -52.0
-95.0 207.0 -47.0
-93.0 165.0 -67.0
-103.0 139.0 -79.0
-95.0 103.0 -111.0
-100.0 68.0 -138.0
-89.0 49.0 -191.0
-92.0 62.0 -260.0
-92.0 76.0 -306.0
-104.0 114.0 -340.0
-112.0 156.0 -388.0
-101.0 185.0 -397.0
-114.0 194.0 -408.0
-99.0 213.0 -401.0
-106.0 250.0 -422.0
-97.0 275.0 -423.0
-93.0 283.0 -431.0
-94.0 282.0 -420.0
-87.0 281.0 -433.0
-82.0 286.0 -434.0
-69.0 295.0 -433.0
-80.0 308.0 -432.0
-76.0 314.0 -422.0
-72.0 328.0 -420.0
-55.0 327.0 -427.0
-62.0 340.0 -432.0
-67.0 333.0 -437.0
-68.0 330.0 -428.0
-62.0 340.0 -432.0
-55.0 349.0 -419.0
-58.0 350.0 -424.0
-64.0 348.0 -420.0
-78.0 356.0 -420.0
-77.0 357.0 -413.0
-69.0 363.0 -405.0
-72.0 366.0 -410.0
-78.0 378.0 -396.0
-78.0 380.0 -390.0
-87.0 389.0 -383.0
-84.0 396.0 -372.0
-92.0 404.0 -366.0
-83.0 407.0 -357.0
-94.0 410.0 -350.0
-95.0 409.0 -345.0
-106.0 418.0 -330.0
-99.0 417.0 -307.0
-100.0 432.0 -298.0
-104.0 432.0 -280.0
-109.0 431.0 -259.0
-94.0 424.0 -224.0
-113.0 419.0 -201.0
-121.0 411.0 -193.0
-114.0 400.0 -184.0
-114.0 416.0 -198.0
-108.0 410.0 -200.0
-116.0 424.0 -184.0
-127.0 401.0 -169.0
-122.0 386.0 -156.0
-119.0 381.0 -149.0
-124.0 374.0 -138.0
-123.0 347.0 -113.0
-121.0 329.0 -99.0
-128.0 316.0 -86.0
-118.0 284.0 -70.0
-108.0 262.0 -64.0
-96.0 238.0 -56.0
-94.0 240.0 -60.0
-99.0 213.0 -55.0
-109.0 201.0 -63.0
-101.0 201.0 -49.0
-100.0 188.0 -50.0
-116.0 182.0 -58.0
-111.0 175.0 -63.0
-96.0 148.0 -60.0
-83.0 113.0 -77.0
-64.0 90.0 -102.0
-75.0 75.0 -117.0
-76.0 66.0 -130.0
-82.0 54.0 -156.0
-92.0 56.0 -174.0
-94.0 56.0 -200.0
-88.0 56.0 -218.0
-92.0 56.0 -244.0
-85.0 67.0 -259.0
-85.0 59.0 -263.0
-83.0 55.0 -285.0
-87.0 69.0 -299.0
-89.0 73.0 -307.0
-89.0 81.0 -309.0
-83.0 91.0 -343.0
-88.0 110.0 -360.0
-88.0 130.0 -382.0
-88.0 164.0 -394.0
-93.0 207.0 -409.0
-93.0 243.0 -423.0
-95.0 273.0 -423.0
-104.0 292.0 -420.0
-94.0 320.0 -422.0
-87.0 341.0 -411.0
-97.0 361.0 -399.0
-85.0 373.0 -389.0
-85.0 395.0 -381.0
-86.0 412.0 -372.0
-93.0 419.0 -343.0
-93.0 427.0 -327.0
-104.0 430.0 -318.0
-95.0 439.0 -303.0
-102.0 442.0 -260.0
-95.0 437.0 -219.0
-105.0 419.0 -179.0
-106.0 414.0 -176.0
-105.0 415.0 -163.0
-111.0 419.0 -157.0
-113.0 421.0 -175.0
-106.0 430.0 -204.0
-94.0 442.0 -260.0
-88.0 444.0 -308.0
-92.0 436.0 -330.0
-89.0 411.0 -359.0
-95.0 391.0 -383.0
-104.0 368.0 -398.0
-101.0 345.0 -407.0
-105.0 331.0 -409.0
-94.0 322.0 -418.0
-95.0 309.0 -417.0
-96.0 292.0 -430.0
-95.0 271.0 -427.0
-97.0 221.0 -419.0
-104.0 176.0 -394.0
-92.0 106.0 -352.0
-97.0 83.0 -307.0
-94.0 56.0 -270.0
-86.0 54.0 -226.0
-89.0 59.0 -199.0
-81.0 57.0 -167.0
-85.0 75.0 -149.0
-76.0 84.0 -130.0
-81.0 83.0 -119.0
-69.0 105.0 -105.0
-83.0 95.0 -103.0
-83.0 113.0 -85.0
-86.0 126.0 -94.0
-102.0 152.0 -78.0
-108.0 190.0 -76.0
-105.0 201.0 -75.0
-101.0 205.0 -73.0
-102.0 230.0 -62.0
-99.0 255.0 -59.0
-92.0 262.0 -62.0
-104.0 278.0 -72.0
-111.0 291.0 -77.0
-111.0 299.0 -89.0
-120.0 324.0 -100.0
-122.0 358.0 -108.0
-114.0 384.0 -144.0
-102.0 428.0 -196.0
-104.0 428.0 -236.0
-97.0 439.0 -287.0
-102.0 434.0 -312.0
-93.0 427.0 -335.0
-90.0 404.0 -366.0
-90.0 406.0 -376.0
-89.0 399.0 -375.0
-86.0 378.0 -392.0
-93.0 371.0 -405.0
-96.0 364.0 -410.0
-89.0 351.0 -419.0
-92.0 346.0 -418.0
-92.0 344.0 -424.0
-96.0 326.0 -426.0
-89.0 349.0 -427.0
-87.0 351.0 -429.0
-81.0 359.0 -419.0
-81.0 351.0 -425.0
-86.0 346.0 -424.0
-80.0 344.0 -436.0
-72.0 342.0 -426.0
-83.0 327.0 -433.0
-79.0 305.0 -439.0
-88.0 274.0 -446.0
-91.0 209.0 -433.0
-79.0 161.0 -421.0
-67.0 107.0 -395.0
-60.0 62.0 -350.0
-70.0 34.0 -304.0
-70.0 22.0 -266.0
-65.0 19.0 -217.0
-60.0 28.0 -174.0
-67.0 37.0 -149.0
-67.0 61.0 -121.0
-67.0 95.0 -93.0
-77.0 123.0 -79.0
-85.0 143.0 -71.0
-117.0 165.0 -71.0
-95.0 171.0 -57.0
-96.0 190.0 -62.0
-108.0 206.0 -62.0
-95.0 215.0 -59.0
-86.0 240.0 -68.0
-89.0 261.0 -65.0
-95.0 297.0 -75.0
-97.0 315.0 -93.0
-92.0 340.0 -100.0
-99.0 345.0 -97.0
-79.0 365.0 -105.0
-77.0 365.0 -113.0
-97.0 385.0 -139.0
-98.0 384.0 -138.0
-99.0 397.0 -159.0
-110.0 414.0 -204.0
-115.0 425.0 -241.0
-114.0 434.0 -278.0
-112.0 426.0 -272.0
-111.0 429.0 -277.0
-119.0 427.0 -291.0
-105.0 427.0 -295.0
-101.0 453.0 -291.0
-103.0 457.0 -291.0
-104.0 452.0 -290.0
-98.0 456.0 -292.0
-101.0 455.0 -295.0
-103.0 449.0 -295.0
-111.0 451.0 -289.0
