-221.0 249.0 -271.0
-221.0 251.0 -271.0
-217.0 249.0 -263.0
-227.0 243.0 -271.0
-220.0 244.0 -268.0
-222.0 252.0 -262.0
-223.0 249.0 -271.0
-229.0 243.0 -257.0
-221.0 247.0 -267.0
-225.0 239.0 -259.0
-215.0 251.0 -261.0
-222.0 252.0 -268.0
-227.0 255.0 -265.0
-227.0 249.0 -271.0
-223.0 255.0 -269.0
-219.0 245.0 -261.0
-217.0 251.0 -271.0
-227.0 247.0 -263.0
-224.0 252.0 -262.0
-223.0 249.0 -259.0
-223.0 247.0 -267.0
-214.0 218.0 -268.0
-222.0 210.0 -270.0
-217.0 207.0 -263.0
-207.0 193.0 -267.0
-200.0 170.0 -264.0
-206.0 162.0 -266.0
-195.0 139.0 -263.0
-196.0 150.0 -274.0
-188.0 134.0 -270.0
-183.0 121.0 -265.0
-165.0 97.0 -263.0
-158.0 86.0 -264.0
-132.0 76.0 -260.0
-127.0 59.0 -267.0
-108.0 54.0 -264.0
-98.0 48.0 -258.0
-91.0 45.0 -267.0
-87.0 47.0 -261.0
-87.0 43.0 -259.0
-75.0 47.0 -269.0
-86.0 50.0 -258.0
-85.0 43.0 -267.0
-95.0 41.0 -263.0
-82.0 44.0 -264.0
-78.0 40.0 -256.0
-74.0 38.0 -262.0
-83.0 41.0 -259.0
-80.0 36.0 -262.0
-72.0 38.0 -264.0
-78.0 36.0 -266.0
-76.0 40.0 -264.0
-76.0 34.0 -256.0
-71.0 43.0 -263.0
-84.0 28.0 -266.0
-70.0 24.0 -254.0
-70.0 26.0 -262.0
-67.0 25.0 -265.0
-71.0 19.0 -263.0
-70.0 22.0 -258.0
-68.0 28.0 -262.0
-71.0 25.0 -249.0
-62.0 30.0 -264.0
-63.0 13.0 -265.0
-66.0 20.0 -258.0
-55.0 17.0 -261.0
-56.0 18.0 -264.0
-49.0 27.0 -257.0
-47.0 13.0 -263.0
-34.0 4.0 -262.0
-31.0 3.0 -259.0
-26.0 8.0 -262.0
-23.0 13.0 -255.0
-17.0 5.0 -255.0
-10.0 12.0 -260.0
11.0 7.0 -257.0
19.0 1.0 -251.0
42.0 6.0 -268.0
65.0 9.0 -263.0
74.0 6.0 -260.0
78.0 16.0 -256.0
105.0 21.0 -259.0
109.0 17.0 -253.0
124.0 26.0 -256.0
131.0 31.0 -261.0
143.0 37.0 -259.0
166.0 54.0 -260.0
178.0 62.0 -254.0
184.0 72.0 -254.0
192.0 78.0 -256.0
207.0 93.0 -255.0
215.0 109.0 -255.0
215.0 123.0 -261.0
226.0 122.0 -252.0
214.0 114.0 -254.0
207.0 111.0 -255.0
210.0 104.0 -264.0
214.0 104.0 -262.0
219.0 111.0 -257.0
211.0 103.0 -257.0
214.0 106.0 -252.0
204.0 106.0 -264.0
211.0 113.0 -257.0
212.0 114.0 -260.0
209.0 103.0 -261.0
210.0 112.0 -248.0
207.0 97.0 -261.0
211.0 109.0 -255.0
202.0 104.0 -258.0
205.0 107.0 -259.0
213.0 107.0 -259.0
214.0 102.0 -262.0
214.0 112.0 -248.0
210.0 116.0 -254.0
209.0 115.0 -253.0
216.0 114.0 -254.0
206.0 118.0 -256.0
216.0 118.0 -252.0
211.0 105.0 -251.0
211.0 111.0 -257.0
222.0 116.0 -254.0
224.0 110.0 -252.0
210.0 116.0 -252.0
220.0 110.0 -256.0
220.0 110.0 -250.0
221.0 111.0 -259.0
217.0 101.0 -249.0
214.0 104.0 -256.0
203.0 99.0 -253.0
212.0 102.0 -264.0
203.0 99.0 -253.0
220.0 112.0 -264.0
207.0 95.0 -255.0
206.0 104.0 -260.0
200.0 106.0 -250.0
206.0 102.0 -256.0
200.0 88.0 -254.0
220.0 126.0 -264.0
234.0 156.0 -258.0
245.0 197.0 -259.0
244.0 226.0 -258.0
248.0 250.0 -260.0
242.0 266.0 -254.0
234.0 280.0 -256.0
245.0 283.0 -257.0
246.0 224.0 -256.0
238.0 214.0 -246.0
254.0 212.0 -252.0
245.0 213.0 -251.0
236.0 218.0 -256.0
244.0 218.0 -258.0
249.0 217.0 -255.0
238.0 216.0 -258.0
247.0 213.0 -257.0
245.0 213.0 -261.0
249.0 217.0 -251.0
243.0 213.0 -251.0
241.0 213.0 -257.0
251.0 225.0 -251.0
246.0 236.0 -258.0
239.0 261.0 -257.0
247.0 267.0 -255.0
242.0 292.0 -250.0
239.0 315.0 -251.0
237.0 323.0 -247.0
230.0 336.0 -244.0
224.0 350.0 -242.0
215.0 365.0 -245.0
201.0 377.0 -257.0
190.0 408.0 -254.0
186.0 408.0 -254.0
168.0 414.0 -252.0
157.0 429.0 -255.0
138.0 444.0 -252.0
116.0 454.0 -256.0
99.0 461.0 -249.0
79.0 471.0 -257.0
71.0 473.0 -269.0
59.0 481.0 -255.0
56.0 474.0 -254.0
52.0 476.0 -266.0
49.0 489.0 -261.0
50.0 472.0 -260.0
56.0 476.0 -258.0
60.0 486.0 -268.0
56.0 482.0 -254.0
44.0 490.0 -254.0
39.0 485.0 -263.0
-3.0 481.0 -271.0
-36.0 486.0 -270.0
-60.0 486.0 -260.0
-93.0 481.0 -265.0
-109.0 467.0 -271.0
-135.0 459.0 -275.0
-154.0 442.0 -274.0
-167.0 429.0 -287.0
-163.0 413.0 -297.0
-172.0 414.0 -292.0
-174.0 414.0 -292.0
-165.0 417.0 -297.0
-167.0 425.0 -297.0
-157.0 425.0 -295.0
-158.0 424.0 -290.0
-165.0 425.0 -289.0
-168.0 432.0 -292.0
-160.0 412.0 -292.0
-173.0 413.0 -295.0
-173.0 397.0 -289.0
-185.0 385.0 -313.0
-182.0 384.0 -318.0
-178.0 388.0 -332.0
-178.0 390.0 -328.0
-171.0 387.0 -337.0
-173.0 387.0 -341.0
-171.0 387.0 -339.0
-174.0 390.0 -334.0
-170.0 394.0 -336.0
-172.0 396.0 -334.0
-175.0 389.0 -339.0
-165.0 385.0 -339.0
-175.0 399.0 -337.0
-175.0 387.0 -333.0
-173.0 391.0 -327.0
-174.0 402.0 -334.0
-172.0 398.0 -334.0
-172.0 388.0 -342.0
-168.0 394.0 -334.0
-170.0 390.0 -334.0
-168.0 400.0 -332.0
-168.0 394.0 -340.0
-168.0 392.0 -332.0
-184.0 368.0 -330.0
-198.0 358.0 -330.0
-203.0 343.0 -323.0
-217.0 333.0 -321.0
-216.0 312.0 -318.0
-228.0 286.0 -318.0
-231.0 255.0 -315.0
-225.0 233.0 -305.0
-229.0 233.0 -305.0
-230.0 238.0 -306.0
-232.0 256.0 -310.0
-222.0 244.0 -318.0
-230.0 242.0 -306.0
-228.0 244.0 -302.0
-233.0 229.0 -301.0
-221.0 203.0 -295.0
-219.0 183.0 -291.0
-211.0 171.0 -279.0
-205.0 145.0 -281.0
-196.0 128.0 -278.0
-179.0 113.0 -269.0
-175.0 103.0 -269.0
-151.0 75.0 -273.0
-142.0 64.0 -266.0
-139.0 69.0 -257.0
-161.0 83.0 -273.0
-164.0 74.0 -274.0
-154.0 76.0 -274.0
-167.0 85.0 -271.0
-162.0 86.0 -276.0
-159.0 81.0 -267.0
-161.0 87.0 -275.0
-152.0 70.0 -270.0
-123.0 49.0 -263.0
-103.0 39.0 -261.0
-80.0 18.0 -260.0
-70.0 22.0 -260.0
-44.0 16.0 -264.0
-34.0 4.0 -268.0
-18.0 10.0 -266.0
13.0 -1.0 -261.0
43.0 5.0 -265.0
56.0 -4.0 -270.0
82.0 12.0 -268.0
105.0 11.0 -265.0
128.0 14.0 -264.0
144.0 34.0 -264.0
157.0 39.0 -263.0
166.0 42.0 -270.0
176.0 52.0 -264.0
188.0 72.0 -270.0
201.0 83.0 -261.0
209.0 97.0 -267.0
190.0 70.0 -252.0
168.0 52.0 -268.0
139.0 27.0 -265.0
96.0 10.0 -256.0
67.0 9.0 -267.0
53.0 3.0 -259.0
-7.0 1.0 -269.0
-40.0 6.0 -256.0
-36.0 10.0 -266.0
-37.0 7.0 -265.0
-34.0 12.0 -256.0
-31.0 5.0 -261.0
-43.0 15.0 -265.0
-86.0 28.0 -264.0
-126.0 52.0 -262.0
-165.0 79.0 -269.0
-163.0 91.0 -261.0
-179.0 105.0 -263.0
-189.0 123.0 -265.0
-187.0 141.0 -257.0
-208.0 168.0 -262.0
-207.0 155.0 -265.0
-202.0 160.0 -268.0
-204.0 156.0 -262.0
-194.0 160.0 -260.0
-199.0 173.0 -257.0
-213.0 197.0 -267.0
-217.0 227.0 -249.0
-217.0 265.0 -247.0
-217.0 285.0 -255.0
-214.0 302.0 -250.0
-214.0 312.0 -252.0
-206.0 326.0 -256.0
-206.0 338.0 -250.0
-198.0 360.0 -254.0
-182.0 374.0 -258.0
-183.0 363.0 -253.0
-182.0 370.0 -248.0
-187.0 371.0 -253.0
-183.0 375.0 -247.0
-174.0 378.0 -250.0
-182.0 378.0 -250.0
-178.0 376.0 -244.0
-173.0 389.0 -241.0
-176.0 384.0 -250.0
-170.0 394.0 -250.0
-163.0 397.0 -239.0
-163.0 415.0 -249.0
-134.0 442.0 -252.0
-118.0 458.0 -254.0
-142.0 428.0 -246.0
-178.0 394.0 -254.0
-171.0 385.0 -253.0
-179.0 397.0 -259.0
-178.0 388.0 -252.0
-176.0 390.0 -252.0
-180.0 388.0 -250.0
-180.0 388.0 -256.0
-188.0 382.0 -256.0
-175.0 385.0 -251.0
-181.0 379.0 -249.0
-188.0 378.0 -262.0
-177.0 385.0 -253.0
-176.0 390.0 -238.0
-162.0 390.0 -206.0
-160.0 398.0 -186.0
-146.0 400.0 -182.0
-142.0 408.0 -192.0
-122.0 430.0 -214.0
-107.0 445.0 -233.0
-99.0 437.0 -207.0
-96.0 432.0 -166.0
-98.0 388.0 -116.0
-104.0 358.0 -84.0
-108.0 330.0 -72.0
-101.0 289.0 -53.0
-97.0 257.0 -39.0
-78.0 216.0 -36.0
-75.0 189.0 -35.0
-75.0 175.0 -35.0
-68.0 152.0 -46.0
-83.0 161.0 -55.0
-76.0 140.0 -52.0
-71.0 121.0 -63.0
-74.0 96.0 -78.0
-81.0 79.0 -99.0
-82.0 54.0 -132.0
-85.0 49.0 -165.0
-85.0 33.0 -201.0
-89.0 43.0 -243.0
-73.0 45.0 -267.0
-82.0 56.0 -274.0
-76.0 56.0 -280.0
-76.0 56.0 -304.0
-81.0 81.0 -319.0
-86.0 88.0 -348.0
-86.0 116.0 -366.0
-82.0 140.0 -386.0
-94.0 156.0 -400.0
-91.0 179.0 -407.0
-99.0 195.0 -409.0
-94.0 214.0 -416.0
-105.0 235.0 -423.0
-104.0 240.0 -406.0
-101.0 255.0 -417.0
-100.0 272.0 -414.0
-109.0 279.0 -415.0
-102.0 298.0 -414.0
-101.0 305.0 -415.0
-104.0 302.0 -408.0
-111.0 317.0 -409.0
-94.0 326.0 -396.0
-105.0 337.0 -407.0
-96.0 348.0 -404.0
-101.0 367.0 -383.0
-95.0 385.0 -371.0
-94.0 392.0 -352.0
-110.0 400.0 -330.0
-106.0 412.0 -316.0
-107.0 419.0 -295.0
-108.0 430.0 -270.0
-103.0 427.0 -251.0
-112.0 426.0 -232.0
-106.0 418.0 -214.0
-105.0 415.0 -193.0
-101.0 411.0 -199.0
-95.0 411.0 -173.0
-102.0 406.0 -172.0
-102.0 392.0 -148.0
-100.0 380.0 -132.0
-100.0 366.0 -126.0
-98.0 342.0 -102.0
-98.0 332.0 -94.0
-96.0 316.0 -102.0
-91.0 297.0 -73.0
-91.0 305.0 -73.0
-97.0 277.0 -69.0
-95.0 253.0 -73.0
-102.0 240.0 -70.0
-122.0 226.0 -86.0
-121.0 213.0 -71.0
-111.0 197.0 -79.0
-106.0 188.0 -68.0
-106.0 190.0 -72.0
-107.0 167.0 -65.0
-106.0 152.0 -68.0
-101.0 131.0 -69.0
-100.0 108.0 -86.0
-97.0 93.0 -93.0
-95.0 79.0 -109.0
-95.0 67.0 -137.0
-100.0 58.0 -148.0
-102.0 42.0 -172.0
-88.0 42.0 -190.0
-90.0 50.0 -204.0
-95.0 43.0 -217.0
-90.0 42.0 -236.0
-87.0 47.0 -257.0
-83.0 51.0 -273.0
-83.0 51.0 -295.0
-80.0 64.0 -310.0
-87.0 75.0 -319.0
-91.0 81.0 -325.0
-92.0 102.0 -348.0
-91.0 105.0 -363.0
-94.0 124.0 -388.0
-96.0 164.0 -396.0
-90.0 192.0 -406.0
-99.0 213.0 -415.0
-101.0 239.0 -417.0
-117.0 267.0 -411.0
-119.0 285.0 -413.0
-120.0 314.0 -398.0
-123.0 323.0 -405.0
-115.0 333.0 -403.0
-110.0 344.0 -394.0
-102.0 360.0 -390.0
-105.0 367.0 -387.0
-110.0 386.0 -364.0
-106.0 394.0 -354.0
-111.0 403.0 -343.0
-98.0 416.0 -320.0
-108.0 426.0 -290.0
-106.0 434.0 -270.0
-108.0 436.0 -248.0
-97.0 431.0 -243.0
-101.0 421.0 -233.0
-97.0 417.0 -219.0
-101.0 409.0 -191.0
-103.0 397.0 -163.0
-97.0 395.0 -147.0
-96.0 396.0 -162.0
-103.0 429.0 -215.0
-102.0 432.0 -242.0
-101.0 427.0 -277.0
-106.0 424.0 -310.0
-99.0 411.0 -333.0
-108.0 394.0 -366.0
-97.0 369.0 -385.0
-104.0 358.0 -402.0
-103.0 333.0 -409.0
-87.0 323.0 -427.0
-92.0 276.0 -422.0
-93.0 251.0 -427.0
-87.0 207.0 -421.0
-84.0 180.0 -406.0
-97.0 129.0 -375.0
-87.0 95.0 -357.0
-84.0 84.0 -328.0
-87.0 63.0 -293.0
-90.0 54.0 -248.0
-82.0 46.0 -210.0
-76.0 46.0 -168.0
-77.0 59.0 -133.0
-63.0 77.0 -99.0
-64.0 110.0 -70.0
-67.0 149.0 -67.0
-74.0 156.0 -50.0
-77.0 183.0 -53.0
-80.0 200.0 -50.0
-100.0 226.0 -48.0
-105.0 233.0 -53.0
-91.0 243.0 -57.0
-91.0 263.0 -61.0
-98.0 264.0 -56.0
-100.0 268.0 -62.0
-100.0 282.0 -62.0
-103.0 291.0 -77.0
-102.0 306.0 -70.0
-101.0 313.0 -75.0
-104.0 324.0 -86.0
-93.0 345.0 -83.0
-102.0 350.0 -94.0
-97.0 353.0 -105.0
-105.0 351.0 -101.0
-107.0 349.0 -99.0
-95.0 357.0 -105.0
-107.0 363.0 -107.0
-93.0 369.0 -111.0
-109.0 379.0 -115.0
-107.0 381.0 -125.0
-110.0 376.0 -132.0
-104.0 376.0 -130.0
-102.0 400.0 -150.0
-106.0 418.0 -174.0
-103.0 431.0 -199.0
-106.0 428.0 -214.0
-101.0 429.0 -185.0
-89.0 423.0 -193.0
-97.0 421.0 -165.0
-95.0 401.0 -161.0
-94.0 406.0 -140.0
-102.0 410.0 -156.0
-100.0 422.0 -166.0
-105.0 421.0 -167.0
-109.0 423.0 -171.0
-104.0 414.0 -170.0
-101.0 409.0 -167.0
-101.0 429.0 -187.0
-100.0 432.0 -210.0
-102.0 438.0 -230.0
-106.0 434.0 -260.0
-103.0 435.0 -289.0
-106.0 436.0 -314.0
-95.0 431.0 -335.0
-92.0 418.0 -348.0
-98.0 418.0 -360.0
-93.0 397.0 -377.0
-88.0 394.0 -388.0
-88.0 384.0 -384.0
-97.0 383.0 -399.0
-94.0 372.0 -400.0
-88.0 350.0 -412.0
-93.0 337.0 -413.0
-101.0 305.0 -423.0
-93.0 269.0 -429.0
-94.0 236.0 -434.0
-91.0 183.0 -413.0
-100.0 138.0 -400.0
-100.0 122.0 -378.0
-101.0 105.0 -361.0
-104.0 94.0 -372.0
-117.0 163.0 -387.0
-113.0 223.0 -421.0
-109.0 283.0 -423.0
-100.0 330.0 -410.0
-103.0 357.0 -399.0
-105.0 377.0 -395.0
-92.0 388.0 -384.0
-86.0 394.0 -374.0
-103.0 421.0 -345.0
-104.0 424.0 -320.0
-107.0 427.0 -261.0
-107.0 425.0 -207.0
-89.0 417.0 -169.0
-80.0 424.0 -158.0
-74.0 432.0 -154.0
-56.0 426.0 -150.0
-40.0 430.0 -150.0
-16.0 430.0 -148.0
2.0 436.0 -150.0
16.0 450.0 -150.0
27.0 445.0 -153.0
39.0 439.0 -157.0
55.0 437.0 -149.0
84.0 424.0 -148.0
111.0 421.0 -171.0
113.0 423.0 -177.0
95.0 421.0 -181.0
100.0 436.0 -180.0
95.0 441.0 -183.0
101.0 437.0 -191.0
103.0 443.0 -211.0
98.0 448.0 -202.0
110.0 442.0 -210.0
101.0 443.0 -203.0
107.0 435.0 -211.0
110.0 446.0 -226.0
112.0 434.0 -240.0
123.0 441.0 -241.0
107.0 449.0 -273.0
103.0 455.0 -291.0
79.0 465.0 -317.0
51.0 453.0 -323.0
44.0 458.0 -324.0
49.0 455.0 -331.0
42.0 460.0 -326.0
42.0 468.0 -324.0
55.0 463.0 -341.0
53.0 465.0 -333.0
46.0 466.0 -336.0
44.0 464.0 -330.0
46.0 466.0 -332.0
38.0 460.0 -326.0
45.0 455.0 -335.0
36.0 464.0 -340.0
47.0 455.0 -331.0
52.0 464.0 -334.0
43.0 463.0 -323.0
34.0 454.0 -328.0
29.0 465.0 -329.0
8.0 468.0 -334.0
-12.0 466.0 -324.0
-23.0 467.0 -323.0
-18.0 462.0 -328.0
-45.0 461.0 -335.0
-55.0 449.0 -331.0
-68.0 442.0 -328.0
-93.0 439.0 -309.0
-108.0 438.0 -320.0
-100.0 448.0 -304.0
-102.0 438.0 -322.0
-92.0 442.0 -318.0
-94.0 444.0 -314.0
-99.0 453.0 -325.0
-98.0 444.0 -318.0
-108.0 454.0 -318.0
-89.0 445.0 -289.0
-108.0 452.0 -264.0
-114.0 444.0 -260.0
-107.0 451.0 -255.0
-111.0 451.0 -237.0
-115.0 425.0 -229.0
-100.0 440.0 -208.0
-93.0 435.0 -191.0
-82.0 426.0 -188.0
-73.0 431.0 -173.0
-61.0 423.0 -159.0
-39.0 417.0 -133.0
-19.0 409.0 -115.0
3.0 415.0 -113.0
14.0 402.0 -106.0
37.0 403.0 -113.0
43.0 401.0 -107.0
-4.0 400.0 -100.0
-64.0 402.0 -122.0
-107.0 403.0 -157.0
-130.0 402.0 -196.0
-136.0 412.0 -254.0
-119.0 415.0 -279.0
-112.0 428.0 -304.0
-97.0 433.0 -331.0
-95.0 431.0 -323.0
-86.0 446.0 -338.0
-71.0 441.0 -349.0
-41.0 447.0 -357.0
12.0 444.0 -362.0
35.0 435.0 -371.0
51.0 433.0 -361.0
71.0 433.0 -367.0
71.0 433.0 -353.0
76.0 436.0 -356.0
77.0 431.0 -339.0
84.0 452.0 -334.0
79.0 451.0 -339.0
77.0 447.0 -337.0
73.0 443.0 -331.0
65.0 455.0 -335.0
87.0 457.0 -323.0
86.0 450.0 -314.0
87.0 453.0 -303.0
110.0 448.0 -298.0
132.0 436.0 -256.0
139.0 425.0 -245.0
142.0 420.0 -232.0
152.0 414.0 -216.0
145.0 417.0 -193.0
142.0 408.0 -176.0
128.0 402.0 -172.0
133.0 403.0 -175.0
113.0 419.0 -159.0
106.0 412.0 -166.0
92.0 424.0 -160.0
80.0 420.0 -158.0
68.0 426.0 -146.0
57.0 435.0 -151.0
41.0 435.0 -141.0
34.0 432.0 -154.0
8.0 434.0 -140.0
-4.0 432.0 -136.0
-20.0 426.0 -148.0
-32.0 434.0 -150.0
-43.0 445.0 -157.0
-50.0 432.0 -168.0
-68.0 436.0 -174.0
-72.0 438.0 -180.0
-69.0 431.0 -171.0
-90.0 430.0 -194.0
-89.0 441.0 -225.0
-94.0 434.0 -240.0
-88.0 440.0 -252.0
-93.0 429.0 -241.0
-103.0 441.0 -245.0
-96.0 436.0 -236.0
-111.0 435.0 -243.0
-102.0 426.0 -256.0
-102.0 428.0 -268.0
-89.0 433.0 -295.0
-85.0 437.0 -303.0
-84.0 436.0 -298.0
-89.0 433.0 -311.0
-73.0 443.0 -317.0
-65.0 445.0 -317.0
-71.0 439.0 -331.0
-58.0 430.0 -340.0
-50.0 432.0 -346.0
-47.0 435.0 -351.0
-35.0 441.0 -353.0
-30.0 446.0 -342.0
-19.0 445.0 -347.0
-34.0 442.0 -342.0
-12.0 442.0 -352.0
0.0 440.0 -360.0
19.0 437.0 -347.0
49.0 443.0 -341.0
69.0 443.0 -329.0
98.0 438.0 -314.0
121.0 433.0 -291.0
134.0 426.0 -278.0
144.0 420.0 -250.0
153.0 419.0 -237.0
145.0 423.0 -229.0
143.0 423.0 -217.0
136.0 416.0 -208.0
141.0 419.0 -219.0
132.0 428.0 -220.0
128.0 428.0 -220.0
133.0 431.0 -201.0
117.0 421.0 -201.0
120.0 428.0 -190.0
99.0 427.0 -175.0
81.0 433.0 -167.0
64.0 444.0 -150.0
62.0 436.0 -144.0
53.0 425.0 -147.0
39.0 433.0 -147.0
42.0 434.0 -138.0
22.0 430.0 -140.0
11.0 431.0 -137.0
-4.0 424.0 -138.0
-19.0 429.0 -135.0
-48.0 420.0 -146.0
-66.0 430.0 -166.0
-79.0 435.0 -179.0
-78.0 432.0 -190.0
-90.0 430.0 -212.0
-92.0 432.0 -220.0
-87.0 435.0 -223.0
-98.0 448.0 -238.0
-95.0 433.0 -251.0
-106.0 430.0 -260.0
-106.0 432.0 -262.0
-115.0 423.0 -237.0
-113.0 421.0 -217.0
-110.0 410.0 -184.0
-90.0 408.0 -150.0
-74.0 406.0 -130.0
-33.0 401.0 -123.0
-9.0 395.0 -103.0
-10.0 412.0 -114.0
10.0 416.0 -120.0
28.0 426.0 -136.0
44.0 418.0 -136.0
48.0 414.0 -130.0
80.0 420.0 -130.0
101.0 397.0 -129.0
109.0 397.0 -133.0
111.0 405.0 -161.0
111.0 413.0 -153.0
110.0 406.0 -160.0
118.0 400.0 -166.0
124.0 408.0 -174.0
122.0 412.0 -186.0
121.0 407.0 -189.0
134.0 418.0 -198.0
135.0 419.0 -223.0
137.0 425.0 -245.0
127.0 421.0 -277.0
130.0 428.0 -294.0
113.0 427.0 -317.0
86.0 438.0 -338.0
66.0 438.0 -348.0
44.0 444.0 -350.0
7.0 443.0 -357.0
-4.0 432.0 -350.0
-22.0 438.0 -346.0
-28.0 452.0 -346.0
-26.0 454.0 -338.0
-26.0 444.0 -344.0
-15.0 445.0 -345.0
-12.0 458.0 -334.0
-10.0 454.0 -346.0
-13.0 447.0 -343.0
-18.0 450.0 -340.0
-32.0 448.0 -340.0
-42.0 458.0 -328.0
-42.0 456.0 -336.0
-59.0 455.0 -315.0
-87.0 443.0 -299.0
-99.0 445.0 -265.0
-123.0 425.0 -235.0
-114.0 410.0 -198.0
-120.0 388.0 -158.0
-115.0 369.0 -119.0
-118.0 342.0 -102.0
-109.0 307.0 -87.0
-97.0 287.0 -63.0
-89.0 263.0 -57.0
-69.0 239.0 -47.0
-70.0 210.0 -42.0
-71.0 191.0 -45.0
-77.0 165.0 -45.0
-85.0 135.0 -61.0
-82.0 104.0 -88.0
-86.0 90.0 -114.0
-87.0 67.0 -141.0
-96.0 58.0 -168.0
-85.0 51.0 -187.0
-91.0 43.0 -203.0
-84.0 46.0 -216.0
-87.0 51.0 -237.0
-88.0 54.0 -248.0
-82.0 54.0 -278.0
-83.0 67.0 -303.0
-97.0 91.0 -327.0
-87.0 107.0 -355.0
-87.0 135.0 -383.0
-87.0 163.0 -399.0
-94.0 194.0 -408.0
-88.0 222.0 -418.0
-85.0 255.0 -431.0
-96.0 270.0 -434.0
-93.0 295.0 -417.0
-90.0 326.0 -410.0
-83.0 331.0 -417.0
-101.0 339.0 -413.0
-95.0 343.0 -411.0
-87.0 361.0 -393.0
-89.0 363.0 -393.0
-86.0 382.0 -390.0
-89.0 387.0 -387.0
-83.0 403.0 -361.0
-112.0 418.0 -320.0
-96.0 422.0 -308.0
-96.0 434.0 -284.0
-91.0 437.0 -251.0
-94.0 432.0 -222.0
-83.0 427.0 -199.0
-95.0 425.0 -189.0
-87.0 405.0 -171.0
-83.0 387.0 -125.0
-91.0 353.0 -101.0
-90.0 332.0 -86.0
-78.0 286.0 -70.0
-89.0 257.0 -65.0
-92.0 222.0 -56.0
-80.0 192.0 -46.0
-79.0 169.0 -53.0
-72.0 146.0 -76.0
-84.0 134.0 -82.0
-80.0 128.0 -92.0
-90.0 170.0 -58.0
-100.0 266.0 -60.0
-105.0 347.0 -105.0
-113.0 387.0 -171.0
-116.0 404.0 -208.0
-105.0 419.0 -243.0
-100.0 426.0 -282.0
-94.0 420.0 -316.0
-83.0 409.0 -345.0
-84.0 404.0 -370.0
-65.0 375.0 -395.0
-79.0 339.0 -417.0
-75.0 327.0 -421.0
-91.0 309.0 -423.0
-106.0 286.0 -414.0
-114.0 262.0 -412.0
-105.0 253.0 -417.0
-113.0 251.0 -409.0
-110.0 240.0 -424.0
-95.0 225.0 -417.0
-103.0 185.0 -395.0
-92.0 150.0 -396.0
-85.0 97.0 -359.0
-74.0 66.0 -314.0
-81.0 37.0 -247.0
-77.0 43.0 -203.0
-72.0 54.0 -162.0
-74.0 68.0 -128.0
-77.0 97.0 -83.0
-71.0 111.0 -73.0
-79.0 153.0 -59.0
-72.0 188.0 -44.0
-81.0 199.0 -47.0
-86.0 204.0 -44.0
-89.0 215.0 -53.0
-87.0 231.0 -57.0
-91.0 241.0 -45.0
-89.0 247.0 -55.0
-94.0 290.0 -60.0
-100.0 318.0 -82.0
-97.0 311.0 -81.0
-98.0 330.0 -80.0
-83.0 349.0 -91.0
-99.0 347.0 -101.0
-96.0 366.0 -124.0
-99.0 389.0 -139.0
-97.0 399.0 -155.0
-107.0 405.0 -169.0
-97.0 409.0 -173.0
-97.0 415.0 -159.0
-92.0 420.0 -176.0
-105.0 427.0 -223.0
-90.0 432.0 -230.0
-101.0 435.0 -269.0
-103.0 427.0 -299.0
-98.0 416.0 -342.0
-101.0 403.0 -357.0
-105.0 399.0 -353.0
-104.0 392.0 -366.0
-105.0 385.0 -365.0
-107.0 393.0 -373.0
-105.0 383.0 -385.0
-101.0 367.0 -389.0
-96.0 356.0 -396.0
-100.0 346.0 -412.0
-99.0 335.0 -413.0
-104.0 288.0 -424.0
-104.0 230.0 -430.0
-105.0 223.0 -427.0
-110.0 250.0 -414.0
-111.0 289.0 -431.0
-98.0 354.0 -392.0
-93.0 399.0 -365.0
-97.0 419.0 -319.0
-97.0 433.0 -269.0
-100.0 420.0 -216.0
-105.0 413.0 -177.0
-102.0 404.0 -160.0
-106.0 378.0 -122.0
-106.0 354.0 -110.0
-110.0 320.0 -76.0
-105.0 281.0 -51.0
-94.0 236.0 -50.0
-89.0 203.0 -47.0
-83.0 175.0 -49.0
-89.0 203.0 -53.0
-100.0 264.0 -58.0
-114.0 330.0 -88.0
-105.0 399.0 -163.0
-112.0 430.0 -218.0
-105.0 425.0 -281.0
-95.0 403.0 -349.0
-93.0 377.0 -375.0
-89.0 357.0 -403.0
-100.0 320.0 -418.0
-101.0 287.0 -417.0
-93.0 237.0 -419.0
-101.0 209.0 -417.0
-107.0 177.0 -415.0
-110.0 162.0 -396.0
-104.0 142.0 -386.0
-107.0 137.0 -393.0
-99.0 173.0 -409.0
-101.0 229.0 -417.0
-107.0 281.0 -413.0
-107.0 361.0 -391.0
-105.0 411.0 -351.0
-104.0 426.0 -280.0
-114.0 422.0 -230.0
-109.0 407.0 -209.0
-112.0 420.0 -222.0
-120.0 414.0 -256.0
-114.0 426.0 -258.0
-116.0 434.0 -248.0
-120.0 438.0 -250.0
-126.0 434.0 -248.0
-115.0 433.0 -249.0
-124.0 426.0 -246.0
-120.0 428.0 -236.0
-114.0 426.0 -252.0
-120.0 422.0 -256.0
-121.0 417.0 -253.0
-117.0 429.0 -263.0
-121.0 413.0 -253.0
-120.0 414.0 -266.0
-128.0 410.0 -272.0
-128.0 414.0 -270.0
-130.0 412.0 -262.0
-131.0 407.0 -261.0
-136.0 418.0 -262.0
-138.0 422.0 -268.0
-138.0 416.0 -268.0
-141.0 425.0 -273.0
-145.0 431.0 -263.0
-139.0 421.0 -255.0
-154.0 430.0 -250.0
-155.0 417.0 -257.0
-151.0 417.0 -253.0
-150.0 420.0 -254.0
-147.0 425.0 -257.0
-149.0 423.0 -257.0
-137.0 429.0 -257.0
-151.0 417.0 -253.0
-174.0 408.0 -256.0
-177.0 387.0 -257.0
-187.0 363.0 -249.0
-202.0 340.0 -260.0
-211.0 317.0 -265.0
-219.0 305.0 -267.0
-224.0 250.0 -256.0
-220.0 238.0 -262.0
-220.0 200.0 -266.0
-196.0 162.0 -262.0
-189.0 137.0 -269.0
-176.0 108.0 -268.0
-163.0 93.0 -249.0
-153.0 87.0 -267.0
-154.0 96.0 -268.0
-169.0 91.0 -273.0
-160.0 102.0 -274.0
-170.0 108.0 -280.0
-177.0 119.0 -277.0
-186.0 122.0 -276.0
-185.0 129.0 -275.0
-184.0 124.0 -276.0
-180.0 124.0 -278.0
-185.0 117.0 -281.0
-177.0 123.0 -273.0
-183.0 131.0 -275.0
-187.0 121.0 -277.0
-165.0 99.0 -273.0
-137.0 67.0 -267.0
-105.0 57.0 -257.0
-87.0 39.0 -251.0
-71.0 17.0 -255.0
-36.0 16.0 -260.0
-17.0 3.0 -263.0
34.0 12.0 -258.0
56.0 14.0 -262.0
86.0 16.0 -258.0
114.0 14.0 -256.0
134.0 36.0 -256.0
154.0 34.0 -256.0
163.0 53.0 -253.0
153.0 47.0 -263.0
151.0 49.0 -251.0
166.0 44.0 -254.0
161.0 39.0 -251.0
155.0 43.0 -249.0
156.0 50.0 -250.0
160.0 52.0 -260.0
154.0 48.0 -258.0
152.0 38.0 -256.0
155.0 41.0 -259.0
147.0 37.0 -259.0
162.0 44.0 -258.0
168.0 52.0 -250.0
173.0 57.0 -253.0
191.0 77.0 -265.0
209.0 87.0 -259.0
204.0 92.0 -258.0
208.0 92.0 -254.0
207.0 99.0 -261.0
203.0 95.0 -267.0
207.0 93.0 -253.0
210.0 88.0 -254.0
209.0 99.0 -263.0
207.0 97.0 -261.0
208.0 100.0 -258.0
212.0 106.0 -260.0
205.0 89.0 -263.0
175.0 61.0 -257.0
139.0 33.0 -247.0
91.0 11.0 -253.0
75.0 9.0 -255.0
66.0 6.0 -248.0
64.0 2.0 -254.0
62.0 2.0 -252.0
59.0 -1.0 -245.0
63.0 -1.0 -249.0
54.0 8.0 -258.0
27.0 7.0 -259.0
-26.0 8.0 -250.0
-72.0 20.0 -248.0
-114.0 54.0 -254.0
-138.0 66.0 -266.0
-154.0 76.0 -270.0
-165.0 85.0 -263.0
-172.0 106.0 -264.0
-188.0 130.0 -266.0
-193.0 143.0 -279.0
-206.0 166.0 -280.0
-219.0 189.0 -279.0
-224.0 204.0 -274.0
-229.0 207.0 -273.0
-227.0 201.0 -271.0
-217.0 203.0 -273.0
-214.0 198.0 -262.0
-212.0 200.0 -260.0
-213.0 201.0 -265.0
-210.0 204.0 -264.0
-206.0 198.0 -256.0
-213.0 215.0 -255.0
-212.0 250.0 -246.0
-211.0 267.0 -241.0
-208.0 314.0 -244.0
-201.0 339.0 -243.0
-200.0 350.0 -246.0
-183.0 369.0 -239.0
-171.0 395.0 -245.0
-146.0 414.0 -252.0
-120.0 432.0 -256.0
-120.0 450.0 -250.0
-91.0 465.0 -251.0
-80.0 466.0 -254.0
-66.0 466.0 -260.0
-43.0 473.0 -259.0
-32.0 478.0 -260.0
-12.0 490.0 -254.0
-7.0 485.0 -261.0
2.0 476.0 -256.0
11.0 477.0 -249.0
15.0 483.0 -255.0
29.0 481.0 -257.0
44.0 478.0 -248.0
58.0 468.0 -254.0
78.0 474.0 -250.0
108.0 454.0 -252.0
146.0 444.0 -250.0
159.0 425.0 -249.0
184.0 406.0 -240.0
190.0 402.0 -244.0
203.0 399.0 -249.0
207.0 371.0 -241.0
209.0 361.0 -243.0
221.0 359.0 -243.0
220.0 340.0 -242.0
227.0 325.0 -249.0
248.0 310.0 -246.0
242.0 300.0 -246.0
240.0 278.0 -240.0
244.0 264.0 -248.0
245.0 245.0 -247.0
245.0 225.0 -249.0
243.0 213.0 -251.0
242.0 192.0 -250.0
235.0 169.0 -253.0
237.0 163.0 -253.0
229.0 149.0 -257.0
229.0 149.0 -245.0
223.0 133.0 -251.0
222.0 120.0 -254.0
218.0 118.0 -254.0
209.0 121.0 -255.0
216.0 120.0 -256.0
205.0 99.0 -245.0
182.0 78.0 -262.0
180.0 60.0 -254.0
160.0 54.0 -250.0
139.0 37.0 -249.0
119.0 37.0 -249.0
115.0 29.0 -257.0
92.0 24.0 -254.0
65.0 17.0 -259.0
44.0 18.0 -252.0
14.0 14.0 -254.0
9.0 17.0 -249.0
-11.0 15.0 -251.0
-24.0 10.0 -250.0
-26.0 24.0 -246.0
-25.0 19.0 -251.0
-23.0 13.0 -251.0
-31.0 15.0 -243.0
-31.0 19.0 -247.0
-25.0 11.0 -251.0
-29.0 19.0 -251.0
-25.0 21.0 -253.0
-24.0 20.0 -252.0
-24.0 20.0 -256.0
-23.0 17.0 -251.0
-19.0 23.0 -245.0
-24.0 12.0 -256.0
-24.0 8.0 -254.0
-16.0 20.0 -254.0
-26.0 18.0 -258.0
-41.0 27.0 -251.0
-60.0 24.0 -248.0
-75.0 39.0 -251.0
-80.0 48.0 -252.0
-98.0 52.0 -246.0
-103.0 63.0 -243.0
-110.0 56.0 -250.0
-120.0 70.0 -256.0
-131.0 83.0 -267.0
-154.0 94.0 -272.0
-148.0 94.0 -288.0
-171.0 103.0 -289.0
-181.0 123.0 -285.0
-189.0 125.0 -289.0
-191.0 141.0 -287.0
-198.0 150.0 -282.0
-200.0 162.0 -290.0
-211.0 183.0 -287.0
-220.0 210.0 -300.0
-216.0 220.0 -288.0
-215.0 221.0 -279.0
-224.0 220.0 -282.0
-219.0 227.0 -283.0
-231.0 235.0 -293.0
-226.0 250.0 -284.0
-227.0 271.0 -287.0
-224.0 306.0 -280.0
-217.0 323.0 -287.0
-211.0 333.0 -279.0
-208.0 340.0 -286.0
-207.0 367.0 -285.0
-183.0 393.0 -285.0
-169.0 419.0 -289.0
-154.0 436.0 -290.0
-144.0 446.0 -282.0
-131.0 459.0 -287.0
-117.0 463.0 -291.0
-100.0 484.0 -290.0
-79.0 485.0 -283.0
-84.0 490.0 -290.0
-63.0 499.0 -289.0
-53.0 481.0 -275.0
-34.0 486.0 -276.0
-24.0 486.0 -282.0
-28.0 484.0 -288.0
-14.0 492.0 -284.0
-4.0 478.0 -274.0
-7.0 483.0 -283.0
1.0 477.0 -285.0
-5.0 485.0 -279.0
0.0 482.0 -280.0
-9.0 491.0 -281.0
-6.0 492.0 -280.0
-21.0 495.0 -281.0
-10.0 500.0 -278.0
-13.0 497.0 -285.0
-10.0 506.0 -280.0
-12.0 512.0 -274.0
-7.0 485.0 -287.0
-2.0 482.0 -274.0
-15.0 483.0 -285.0
-10.0 498.0 -268.0
-15.0 503.0 -283.0
-11.0 501.0 -271.0
-20.0 498.0 -274.0
-17.0 487.0 -281.0
-30.0 474.0 -280.0
-30.0 468.0 -292.0
-65.0 465.0 -299.0
-77.0 467.0 -319.0
-100.0 464.0 -326.0
-110.0 452.0 -334.0
-134.0 442.0 -328.0
-163.0 439.0 -311.0
-188.0 412.0 -294.0
-196.0 398.0 -298.0
-187.0 409.0 -297.0
-171.0 421.0 -295.0
-147.0 441.0 -295.0
-126.0 454.0 -286.0
-67.0 479.0 -285.0
0.0 496.0 -280.0
36.0 498.0 -264.0
57.0 495.0 -259.0
91.0 473.0 -261.0
138.0 472.0 -258.0
170.0 448.0 -256.0
185.0 427.0 -249.0
194.0 420.0 -240.0
184.0 414.0 -252.0
185.0 419.0 -245.0
186.0 424.0 -256.0
183.0 431.0 -253.0
188.0 434.0 -262.0
182.0 438.0 -250.0
196.0 426.0 -256.0
203.0 419.0 -259.0
207.0 421.0 -267.0
209.0 411.0 -253.0
207.0 405.0 -253.0
214.0 406.0 -254.0
196.0 406.0 -260.0
208.0 390.0 -256.0
206.0 392.0 -250.0
218.0 392.0 -254.0
204.0 392.0 -268.0
221.0 391.0 -249.0
220.0 406.0 -262.0
217.0 395.0 -257.0
215.0 383.0 -253.0
222.0 378.0 -252.0
221.0 371.0 -259.0
220.0 358.0 -258.0
224.0 362.0 -256.0
232.0 336.0 -248.0
241.0 319.0 -253.0
244.0 304.0 -246.0
251.0 285.0 -251.0
246.0 248.0 -248.0
249.0 219.0 -241.0
255.0 207.0 -241.0
250.0 198.0 -228.0
248.0 184.0 -234.0
235.0 163.0 -223.0
241.0 155.0 -225.0
230.0 150.0 -228.0
236.0 144.0 -224.0
232.0 140.0 -232.0
227.0 141.0 -223.0
229.0 141.0 -233.0
218.0 134.0 -238.0
222.0 116.0 -230.0
209.0 121.0 -245.0
214.0 104.0 -248.0
206.0 96.0 -248.0
204.0 84.0 -248.0
206.0 82.0 -248.0
197.0 81.0 -255.0
190.0 72.0 -258.0
189.0 69.0 -249.0
185.0 65.0 -247.0
180.0 58.0 -248.0
177.0 63.0 -251.0
174.0 56.0 -248.0
179.0 55.0 -251.0
183.0 67.0 -253.0
167.0 53.0 -239.0
167.0 39.0 -241.0
143.0 35.0 -245.0
140.0 28.0 -250.0
114.0 16.0 -246.0
94.0 8.0 -250.0
66.0 2.0 -254.0
52.0 -6.0 -258.0
28.0 4.0 -248.0
-8.0 -2.0 -248.0
-13.0 -3.0 -251.0
-37.0 13.0 -247.0
-57.0 13.0 -243.0
-61.0 23.0 -243.0
-80.0 26.0 -238.0
-101.0 27.0 -247.0
-133.0 55.0 -231.0
-139.0 71.0 -231.0
-156.0 92.0 -232.0
-184.0 120.0 -232.0
-187.0 125.0 -239.0
-191.0 147.0 -247.0
-194.0 154.0 -242.0
-195.0 161.0 -241.0
-202.0 170.0 -248.0
-207.0 171.0 -257.0
-212.0 172.0 -244.0
-215.0 199.0 -251.0
-225.0 217.0 -249.0
-222.0 238.0 -254.0
-220.0 256.0 -246.0
-224.0 274.0 -244.0
-216.0 272.0 -240.0
-216.0 282.0 -242.0
-211.0 293.0 -241.0
-214.0 290.0 -246.0
-221.0 305.0 -241.0
-216.0 300.0 -246.0
-207.0 305.0 -245.0
-205.0 303.0 -245.0
