-189.3
-206.16
-193.05
-191.17
-178.05
-217.41
-217.41
-245.52
-230.53
-224.91
-204.29
-228.66
-209.91
-211.79
-226.78
-219.28
-224.91
-228.66
-217.41
-206.16
-228.66
-209.91
-211.79
-209.91
-239.9
-286.76
-241.78
-206.16
-200.54
-198.67
-164.93
-88.09
35.61
138.69
245.52
290.5
326.12
288.63
228.66
200.54
-110.58
-298.0
-209.91
-224.91
-286.76
-206.16
-221.16
-140.57
-69.35
14.99
58.1
73.09
163.06
213.66
202.42
108.71
-71.22
-125.57
-1.87
187.42
142.44
5.62
-131.2
-223.03
-211.79
-144.32
-161.18
-104.96
110.58
22.49
-200.54
-202.42
-236.15
-296.13
-290.5
-181.8
-247.4
-163.06
239.9
133.07
-56.23
-260.52
-320.49
-204.29
-163.06
232.4
191.17
-58.1
-200.54
-314.87
-290.5
-153.69
164.93
247.4
140.57
-69.35
-269.89
-292.38
-209.91
-209.91
193.05
172.43
-58.1
-208.04
-191.17
-189.3
-133.07
-121.82
-163.06
-254.89
74.97
253.02
228.66
144.32
-65.6
-185.55
-153.69
-110.58
-324.24
-28.11
269.89
174.3
41.23
-208.04
-284.88
-247.4
-159.31
221.16
151.81
-93.71
-241.78
-279.26
-243.65
-155.56
-121.82
194.92
236.15
217.41
43.11
-307.37
-217.41
-307.37
28.11
245.52
9.37
-125.57
-284.88
-299.88
-86.21
264.27
31.86
-238.03
-301.75
-185.55
-129.32
-292.38
-215.54
-290.5
118.08
91.84
-11.25
-82.47
39.36
-46.86
-153.69
-176.18
-204.29
-103.08
-326.12
-228.66
-181.8
-234.28
273.64
196.79
159.31
-1.87
-249.27
-170.55
103.08
294.25
268.01
273.64
118.08
-215.54
-288.63
-39.36
-185.55
288.63
-16.87
-329.86
-243.65
-50.6
266.14
0.0
-331.74
-223.03
29.99
314.87
239.9
-181.8
-268.01
-198.67
-176.18
-140.57
-67.47
-164.93
-223.03
-208.04
-179.93
-76.84
-202.42
-219.28
-116.2
-153.69
-213.66
-260.52
-239.9
14.99
99.33
-5.62
-305.5
-245.52
80.59
193.05
-118.08
-288.63
-241.78
264.27
44.98
-236.15
-144.32
-61.85
-52.48
-131.2
-157.43
-206.16
-148.06
-31.86
-146.19
-221.16
-245.52
-76.84
-127.45
-74.97
-258.64
-155.56
-29.99
-125.57
-217.41
-286.76
168.68
65.6
-223.03
-134.94
170.55
-119.95
-243.65
11.25
101.21
-84.34
-138.69
-112.45
-131.2
-172.43
-65.6
-80.59
-129.32
-97.46
-284.88
-76.84
-71.22
-153.69
-189.3
-217.41
-198.67
-176.18
-170.55
-153.69
-204.29
-271.76
-58.1
91.84
279.26
-24.36
-269.89
-251.15
-187.42
-217.41
-294.25
52.48
103.08
-196.79
-327.99
-213.66
247.4
76.84
-142.44
-294.25
-221.16
-217.41
187.42
262.39
-268.01
-187.42
-9.37
194.92
-196.79
-266.14
-172.43
226.78
-159.31
-283.01
-153.69
200.54
112.45
-262.39
-269.89
80.59
104.96
-149.94
-52.48
-179.93
-157.43
-104.96
-151.81
-266.14
-359.85
-11.25
108.71
26.24
-39.36
-110.58
-168.68
-331.74
-146.19
155.56
-84.34
-213.66
-290.5
-211.79
185.55
11.25
-283.01
-303.62
97.46
176.18
-262.39
-146.19
-181.8
-149.94
-13.12
253.02
260.52
-163.06
-331.74
-228.66
-69.35
-157.43
-191.17
-354.23
61.85
262.39
84.34
-211.79
-172.43
-134.94
-193.05
-89.96
-187.42
-266.14
-1.87
-54.35
-183.67
-301.75
-232.4
206.16
97.46
-215.54
-281.13
-245.52
260.52
1.87
-277.39
-277.39
-9.37
91.84
-144.32
-178.05
-74.97
-82.47
-249.27
-148.06
170.55
-18.74
-211.79
-219.28
204.29
44.98
-247.4
-236.15
221.16
204.29
-157.43
-258.64
29.99
123.7
-224.91
-294.25
58.1
52.48
-279.26
-288.63
-215.54
-95.59
-277.39
-260.52
-76.84
123.7
-179.93
-136.82
-14.99
-251.15
-82.47
33.74
-73.09
-208.04
-404.83
-408.58
41.23
101.21
-28.11
-121.82
-292.38
-110.58
69.35
-112.45
-249.27
-71.22
215.54
-112.45
-224.91
-198.67
-46.86
159.31
-142.44
-221.16
-288.63
-307.37
-284.88
-292.38
-273.64
-283.01
-273.64
-269.89
-224.91
-157.43
-116.2
-65.6
-26.24
35.61
73.09
125.57
131.2
148.06
179.93
204.29
194.92
230.53
230.53
283.01
288.63
296.13
288.63
277.39
288.63
299.88
260.52
198.67
144.32
247.4
185.55
106.83
-95.59
-174.3
-262.39
-243.65
-54.35
191.17
-3.75
-14.99
-74.97
-3.75
-73.09
-183.67
101.21
204.29
327.99
146.19
50.6
93.71
95.59
95.59
24.36
69.35
286.76
281.13
290.5
1.87
155.56
329.86
-69.35
170.55
176.18
112.45
20.62
69.35
116.2
121.82
174.3
-209.91
-35.61
179.93
-20.62
-67.47
217.41
249.27
-65.6
-110.58
-217.41
181.8
-16.87
144.32
-29.99
-41.23
138.69
-176.18
48.73
223.03
-37.48
125.57
131.2
277.39
279.26
193.05
294.25
61.85
22.49
89.96
-76.84
-166.81
-163.06
125.57
-48.73
65.6
129.32
241.78
311.12
112.45
-281.13
215.54
35.61
-43.11
-189.3
114.33
213.66
320.49
140.57
39.36
101.21
44.98
-183.67
-166.81
-69.35
193.05
-245.52
-144.32
179.93
-281.13
-46.86
142.44
-294.25
-50.6
221.16
-178.05
-232.4
-176.18
52.48
-61.85
-155.56
-217.41
-219.28
-189.3
-9.37
114.33
-7.5
-191.17
-164.93
-127.45
-123.7
-239.9
1.87
249.27
82.47
-26.24
-125.57
-136.82
-193.05
-258.64
-138.69
97.46
16.87
-142.44
-125.57
-238.03
-251.15
194.92
-114.33
-281.13
-93.71
183.67
-226.78
-209.91
-121.82
166.81
200.54
-93.71
-185.55
-104.96
-136.82
-198.67
-178.05
-166.81
-170.55
-46.86
-228.66
-243.65
-74.97
-82.47
-26.24
-127.45
-245.52
-164.93
226.78
-58.1
-273.64
-99.33
191.17
-176.18
-288.63
50.6
194.92
-74.97
-253.02
-108.71
243.65
95.59
-104.96
-236.15
-251.15
-123.7
121.82
219.28
-88.09
-243.65
-118.08
-56.23
-140.57
-236.15
-170.55
-209.91
223.03
-103.08
-309.25
11.25
208.04
-78.72
-208.04
-219.28
-208.04
-119.95
-159.31
-149.94
-123.7
-108.71
-153.69
-110.58
-148.06
-148.06
-142.44
-230.53
-215.54
54.35
-28.11
-67.47
-217.41
144.32
181.8
-183.67
-241.78
3.75
