-276.328 265.175 -44.255
-278.033 270.178 -50.027
-278.033 263.507 -46.179
-281.445 283.52 -61.572
-286.562 268.51 -48.103
-266.093 268.51 -40.406
-269.505 281.852 -51.951
-274.622 273.513 -46.179
-281.445 270.178 -42.33
-266.093 271.846 -51.951
-284.856 270.178 -65.42
-288.268 256.836 -46.179
-307.031 231.819 -44.255
-312.148 233.487 -38.482
-313.854 221.813 -44.255
-332.617 196.796 -38.482
-356.497 180.119 -23.089
-358.202 145.096 -36.558
-380.377 123.415 -30.786
-388.905 65.043 -36.558
-378.671 11.674 -21.165
-388.905 -28.352 -32.71
-385.494 -78.385 -32.71
-358.202 -125.082 -25.013
-341.145 -155.102 -25.013
-339.439 -186.79 -34.634
-327.499 -188.457 -25.013
-312.148 -220.145 -34.634
-284.856 -250.165 -26.938
-276.328 -288.523 -25.013
-254.153 -300.198 -26.938
-238.802 -315.207 -32.71
-238.802 -325.214 -9.621
-237.096 -316.875 -30.786
-228.567 -331.885 -28.862
-202.981 -316.875 -19.241
-162.044 -353.566 -19.241
-144.987 -376.915 -30.786
-95.521 -391.925 -9.621
-59.7 -393.592 -26.938
-15.352 -420.277 -23.089
15.352 -406.934 -23.089
39.232 -406.934 -30.786
54.583 -411.938 -25.013
76.758 -403.599 -15.393
119.401 -411.938 -17.317
122.812 -401.931 -28.862
165.455 -390.257 -15.393
173.984 -385.254 -17.317
211.51 -368.576 -13.469
230.273 -363.573 -11.545
252.447 -345.227 -25.013
276.328 -315.207 -25.013
305.325 -310.204 -15.393
315.559 -266.842 -11.545
317.265 -265.175 -25.013
342.851 -260.171 -7.696
332.617 -250.165 -19.241
336.028 -256.836 -19.241
325.794 -250.165 -23.089
330.911 -265.175 -5.772
322.382 -263.507 -23.089
327.499 -261.839 -21.165
329.205 -266.842 -23.089
339.439 -260.171 -23.089
332.617 -253.5 -19.241
329.205 -253.5 -11.545
334.322 -251.832 -25.013
329.205 -263.507 -23.089
334.322 -261.839 -32.71
337.734 -265.175 -13.469
332.617 -266.842 -26.938
320.676 -268.51 -13.469
327.499 -255.168 -17.317
337.734 -278.517 -17.317
327.499 -261.839 -13.469
322.382 -246.829 -23.089
341.145 -251.832 -25.013
342.851 -230.151 -23.089
344.557 -221.813 -21.165
349.674 -230.151 -15.393
351.38 -218.477 -28.862
344.557 -231.819 -17.317
346.262 -216.809 -19.241
349.674 -236.823 -19.241
356.497 -216.809 -26.938
353.085 -223.48 -23.089
361.614 -225.148 -28.862
349.674 -220.145 -19.241
346.262 -220.145 -15.393
359.908 -226.816 -15.393
344.557 -231.819 -13.469
359.908 -236.823 -15.393
370.143 -206.803 -11.545
370.143 -213.474 -7.696
359.908 -210.138 -11.545
354.791 -205.135 -36.558
365.025 -201.799 -21.165
359.908 -220.145 -15.393
376.965 -180.119 -19.241
368.437 -185.122 5.772
387.2 -153.434 -19.241
394.023 -126.75 -11.545
385.494 -101.734 -21.165
404.257 -60.04 -7.696
397.434 -33.355 -7.696
409.374 15.01 -17.317
417.903 33.355 -3.848
404.257 50.033 -19.241
405.963 48.365 -21.165
404.257 63.375 -11.545
392.317 91.727 -9.621
378.671 105.069 -5.772
390.611 83.388 0.0
385.494 101.734 -5.772
388.905 85.056 -1.924
392.317 101.734 -17.317
390.611 103.401 -7.696
370.143 106.737 -3.848
387.2 96.73 -19.241
392.317 91.727 1.924
388.905 98.398 -1.924
383.788 100.066 0.0
383.788 113.408 -11.545
378.671 118.411 -1.924
365.025 141.76 -13.469
361.614 148.431 -13.469
359.908 163.441 -7.696
353.085 176.783 -7.696
341.145 191.793 -17.317
325.794 213.474 -7.696
320.676 208.471 -13.469
329.205 206.803 -15.393
301.913 206.803 -19.241
344.557 211.806 -13.469
332.617 216.809 -7.696
320.676 218.477 -9.621
313.854 241.826 -17.317
301.913 240.158 -11.545
296.796 265.175 -17.317
291.679 283.52 -7.696
271.21 280.184 -30.786
269.505 288.523 -9.621
262.682 295.194 -25.013
242.213 315.207 -32.71
216.627 320.211 -30.786
218.333 325.214 -21.165
184.218 345.227 -28.862
170.573 345.227 -28.862
151.81 363.573 -38.482
127.929 373.579 -23.089
121.107 380.25 -23.089
100.638 373.579 -30.786
76.758 370.244 -34.634
97.226 373.579 -46.179
76.758 386.921 -7.696
88.698 368.576 -17.317
88.698 381.918 -28.862
92.109 381.918 -25.013
88.698 371.911 -25.013
80.169 386.921 -23.089
83.581 380.25 -23.089
95.521 381.918 -25.013
88.698 378.583 -13.469
85.286 385.254 -17.317
85.286 375.247 -32.71
81.875 375.247 -17.317
76.758 383.586 -38.482
78.463 385.254 -32.71
66.523 393.592 -23.089
40.937 408.602 -28.862
30.703 415.273 -25.013
-6.823 415.273 -5.772
-35.82 406.935 -26.938
-28.997 410.27 -42.33
-46.055 410.27 -42.33
-80.169 403.599 -42.33
-97.226 400.263 -23.089
-139.87 371.911 -28.862
-167.161 375.247 -17.317
-192.747 360.237 -34.634
-196.158 366.908 -42.33
-242.213 348.563 -21.165
-220.039 340.224 -38.482
-209.804 350.231 -26.938
-226.862 336.888 -30.786
-218.333 348.563 -25.013
-225.156 341.892 -21.165
-242.213 321.879 -40.406
-281.445 293.527 -42.33
-318.971 253.5 -46.179
-347.968 225.148 -44.255
-347.968 208.471 -25.013
-353.085 196.796 -38.482
-354.791 185.122 -51.951
-342.851 200.132 -38.482
-351.38 195.128 -48.103
-346.262 183.454 -42.33
-351.38 191.793 -55.799
-347.968 205.135 -44.255
-365.025 171.78 -48.103
-366.731 160.105 -50.027
-376.965 143.428 -46.179
-387.2 110.072 -38.482
-407.668 70.046 -46.179
-400.846 40.026 -38.482
-399.14 -1.668 -44.255
-385.494 -81.72 -44.255
-380.377 -116.743 -50.027
-371.848 -131.753 -44.255
-358.202 -141.76 -59.647
-342.851 -193.461 -46.179
-313.854 -245.161 -36.558
-283.15 -285.188 -63.496
-255.859 -305.201 -32.71
-213.216 -346.895 -23.089
-225.156 -338.556 -21.165
-223.45 -336.888 -26.938
-225.156 -328.55 -28.862
-225.156 -345.227 -25.013
-216.627 -343.559 -19.241
-218.333 -335.221 -36.558
-216.627 -340.224 -34.634
-206.393 -336.888 -42.33
-133.047 -378.583 -21.165
-117.695 -396.928 -11.545
-75.052 -401.931 -32.71
-61.406 -411.938 -28.862
-32.409 -406.934 -34.634
-30.703 -398.596 -32.71
-59.7 -410.27 -23.089
-81.875 -405.267 -25.013
-139.87 -395.26 -51.951
-199.57 -353.566 -23.089
-269.505 -285.188 -48.103
-300.208 -278.517 -55.799
-286.562 -258.503 -32.71
-278.033 -280.184 -15.393
-291.679 -283.52 -23.089
-295.091 -293.527 -23.089
-284.856 -273.513 -19.241
-293.385 -275.181 -44.255
-291.679 -270.178 -30.786
-291.679 -273.513 -34.634
-279.739 -265.175 -28.862
-289.973 -281.852 -36.558
-293.385 -275.181 -17.317
-289.973 -275.181 -40.406
-284.856 -270.178 -26.938
-286.562 -268.51 -36.558
-300.208 -265.175 -48.103
-320.676 -235.155 -40.406
-337.734 -208.471 -32.71
-363.32 -173.447 -30.786
-373.554 -130.086 -50.027
-382.083 -95.063 -48.103
-397.434 -60.04 -42.33
-394.023 -26.684 -38.482
-394.023 0.0 -34.634
-397.434 6.671 -26.938
-399.14 -8.339 -36.558
-397.434 0.0 -46.179
-394.023 3.336 -42.33
-399.14 8.339 -28.862
-395.728 25.016 -40.406
-405.963 35.023 -32.71
-382.083 58.372 -36.558
-397.434 113.408 -38.482
-378.671 158.438 -28.862
-375.26 188.457 -25.013
-356.497 216.809 -3.848
-327.499 231.819 -25.013
-281.445 256.836 -26.938
-264.388 273.513 -11.545
-259.27 311.872 -13.469
-231.979 325.214 -17.317
-199.57 336.888 -19.241
-196.158 350.231 -15.393
-189.336 370.244 -30.786
-175.69 363.573 -23.089
-156.927 365.24 -9.621
-146.692 375.247 -25.013
-168.867 366.908 7.696
-163.75 358.569 67.344
-158.632 343.559 150.081
-168.867 293.527 234.741
-172.278 233.487 284.768
-170.573 165.109 348.264
-173.984 98.398 379.05
-158.632 46.697 419.456
-163.75 1.668 425.228
-155.221 -76.717 411.76
-170.573 -91.727 417.532
-158.632 -126.75 392.518
-165.455 -163.441 384.822
-160.338 -195.128 371.353
-160.338 -218.477 363.657
-160.338 -248.497 344.416
-167.161 -271.846 294.389
-168.867 -296.862 253.983
-172.278 -313.54 223.197
-170.573 -331.885 186.639
-168.867 -336.888 142.384
-187.63 -345.227 128.915
-187.63 -341.892 78.889
-187.63 -331.885 86.585
-192.747 -343.559 80.813
-202.981 -343.559 65.42
-191.041 -325.214 67.344
-194.453 -348.563 55.799
-172.278 -343.559 15.393
-179.101 -340.224 -23.089
-184.218 -338.556 -32.71
-180.807 -331.885 -36.558
-196.158 -323.546 -50.027
-184.218 -351.898 -71.192
-179.101 -326.882 -76.964
-170.573 -325.214 -86.585
-180.807 -325.214 -67.344
-173.984 -318.543 -75.04
-180.807 -331.885 -71.192
-173.984 -325.214 -63.496
-177.395 -335.221 -63.496
-172.278 -333.553 -73.116
-163.75 -331.885 -75.04
-167.161 -331.885 -67.344
-153.515 -328.55 -82.737
-170.573 -325.214 -75.04
-168.867 -323.546 -65.42
-179.101 -326.882 -65.42
-170.573 -328.55 -94.281
-160.338 -311.872 -132.764
-168.867 -283.52 -173.17
-175.69 -256.836 -211.652
-173.984 -205.135 -248.21
-185.924 -163.441 -280.92
-184.218 -118.411 -302.085
-196.158 -80.053 -323.25
-204.687 -51.701 -336.719
-191.041 -41.694 -344.416
-191.041 -15.01 -348.264
-182.513 -23.349 -361.733
-170.573 15.01 -363.657
-143.281 25.016 -367.505
-148.398 46.697 -384.822
-151.81 70.046 -361.733
-162.044 83.388 -346.34
-179.101 123.415 -327.099
-175.69 140.092 -323.25
-163.75 161.773 -309.782
-180.807 195.128 -309.782
-180.807 188.457 -290.541
-165.455 190.125 -280.92
-185.924 216.809 -269.375
-196.158 223.48 -246.286
-209.804 230.151 -227.045
-204.687 251.832 -198.183
-202.981 266.842 -180.866
-201.276 258.503 -152.005
-214.921 268.51 -148.156
-208.099 298.53 -125.067
-211.51 278.517 -125.067
-202.981 290.191 -76.964
-211.51 298.53 -67.344
-208.099 298.53 -40.406
-225.156 291.859 -28.862
-202.981 303.533 11.545
-208.099 298.53 44.255
-194.453 281.852 86.585
-202.981 293.527 100.054
-202.981 313.54 69.268
-194.453 298.53 63.496
-209.804 293.527 88.509
-191.041 298.53 86.585
-202.981 300.198 26.938
-208.099 315.207 -59.647
-199.57 303.533 -26.938
-208.099 301.865 78.889
-199.57 263.507 150.081
-199.57 240.158 203.956
-204.687 171.78 278.996
-204.687 118.411 325.175
-187.63 88.392 363.657
-167.161 45.03 398.291
-160.338 -25.016 390.594
-187.63 -65.043 394.443
-191.041 -101.734 398.291
-179.101 -136.757 384.822
-194.453 -165.109 367.505
-197.864 -198.464 352.112
-202.981 -216.809 334.795
-204.687 -238.49 329.023
-214.921 -241.826 332.871
-199.57 -230.151 307.858
-199.57 -256.836 304.009
-204.687 -271.846 263.603
-199.57 -313.54 223.197
-201.276 -325.214 171.246
-206.393 -350.231 126.991
-170.573 -358.569 94.281
-185.924 -366.908 65.42
-173.984 -355.234 17.317
-155.221 -356.902 -15.393
-179.101 -346.895 -42.33
-182.513 -336.888 -57.723
-168.867 -316.875 -107.75
-175.69 -296.862 -169.322
-160.338 -275.181 -202.032
-162.044 -220.145 -261.679
-165.455 -176.783 -280.92
-162.044 -126.75 -319.402
-168.867 -76.717 -346.34
-177.395 -28.352 -355.96
-163.75 -8.339 -352.112
-180.807 55.036 -348.264
-187.63 85.056 -340.567
-185.924 126.75 -315.554
-177.395 161.773 -309.782
-182.513 176.783 -307.858
-180.807 185.122 -294.389
-173.984 235.155 -267.451
-187.63 231.819 -221.273
-202.981 250.165 -203.956
-187.63 265.175 -178.942
-189.336 290.191 -138.536
-182.513 303.533 -107.75
-201.276 311.872 -40.406
-201.276 308.536 -25.013
-201.276 305.201 32.71
-182.513 310.204 73.116
-177.395 291.859 105.826
-194.453 275.181 152.005
-191.041 261.839 178.942
-179.101 250.165 234.741
-192.747 200.132 265.527
-173.984 171.78 286.692
-177.395 145.096 317.478
-184.218 111.74 344.416
-172.278 73.382 365.581
-167.161 31.688 409.835
-175.69 10.007 404.063
-194.453 65.043 355.96
-223.45 150.099 292.465
-220.039 253.5 150.081
-202.981 283.52 -15.393
-197.864 288.523 -144.308
-160.338 231.819 -244.362
-144.987 186.79 -307.858
-165.455 120.079 -346.34
-155.221 56.704 -350.188
-170.573 8.339 -348.264
-165.455 -16.678 -342.492
-170.573 -41.694 -348.264
-175.69 -66.711 -334.795
-177.395 -81.72 -332.871
-194.453 -68.378 -317.478
-196.158 -90.059 -319.402
-196.158 -96.73 -319.402
-191.041 -115.076 -329.023
-192.747 -110.072 -311.706
-191.041 -135.089 -302.085
-163.75 -208.471 -263.603
-151.81 -266.842 -215.5
-160.338 -311.872 -109.674
-177.395 -361.905 -13.469
-155.221 -380.25 92.357
-143.281 -365.24 182.79
-165.455 -326.882 242.438
-158.632 -286.855 311.706
-173.984 -251.832 344.416
-172.278 -206.803 365.581
-179.101 -210.138 369.429
-194.453 -168.444 402.139
-204.687 -141.76 398.291
-197.864 -141.76 382.898
-204.687 -85.056 375.201
-196.158 20.013 369.429
-211.51 88.392 340.568
-211.51 165.109 290.541
-204.687 225.148 232.817
-187.63 265.175 186.639
-196.158 303.533 130.839
-175.69 310.204 92.357
-170.573 335.221 75.04
-173.984 321.879 48.103
-158.632 330.217 38.482
-167.161 338.556 28.862
-173.984 328.55 5.772
-153.515 335.221 32.71
-165.455 336.888 26.938
-172.278 336.888 11.545
-167.161 338.556 -5.772
-167.161 345.227 -9.621
-156.927 348.563 -13.469
-131.341 343.559 -61.572
-129.635 345.227 -51.951
-155.221 336.888 -53.875
-148.398 336.888 -65.42
-144.987 326.882 -61.572
-136.458 331.885 -59.647
-163.75 328.55 -40.406
-155.221 330.217 -34.634
-163.75 328.55 -21.165
-163.75 331.885 -13.469
-175.69 323.546 -42.33
-156.927 338.556 -36.558
-155.221 323.546 -61.572
-156.927 331.885 -90.433
-150.104 328.55 -101.978
-112.578 325.214 -109.674
-90.403 333.553 -157.777
-90.403 340.224 -165.473
-85.286 318.543 -182.79
-75.052 321.879 -175.094
-57.995 328.55 -178.942
-52.877 336.888 -177.018
-44.349 331.885 -178.942
-27.292 328.55 -186.639
-22.174 333.553 -200.107
-23.88 321.879 -194.335
-17.057 321.879 -202.032
-6.823 308.536 -198.183
-25.586 326.882 -200.107
-13.646 338.556 -186.639
30.703 338.556 -182.79
39.232 326.882 -196.259
56.289 340.224 -196.259
56.289 333.553 -207.804
76.758 316.875 -192.411
100.638 326.882 -200.107
121.107 323.546 -169.322
153.515 298.53 -144.308
173.984 308.536 -136.612
204.687 298.53 -109.674
211.51 291.859 -67.344
214.921 285.188 -63.496
220.039 293.527 -46.179
237.096 270.178 -19.241
243.919 276.849 -11.545
240.507 276.849 7.696
228.567 291.859 1.924
223.45 296.862 -3.848
209.804 293.527 0.0
201.276 298.53 5.772
204.687 295.194 9.621
208.099 288.523 -1.924
192.747 293.527 -15.393
197.864 311.872 44.255
192.747 296.862 61.572
182.513 296.862 123.143
172.278 280.184 157.777
191.041 258.503 159.701
175.69 243.494 192.411
148.398 230.151 230.893
126.224 235.155 252.058
69.935 250.165 265.527
5.117 243.494 277.072
-27.292 248.497 275.148
-57.995 255.168 267.451
-115.989 251.832 252.058
-192.747 250.165 219.349
-218.333 248.497 178.942
-237.096 263.507 134.688
-255.859 285.188 78.889
-249.036 288.523 28.862
-250.742 306.869 3.848
-250.742 310.204 -34.634
-209.804 336.888 -53.875
-206.393 330.217 -57.723
-197.864 338.556 -75.04
-168.867 330.217 -92.357
-162.044 336.888 -103.902
-168.867 326.882 -130.839
-134.752 346.895 -165.473
-124.518 340.224 -180.866
-97.226 326.882 -203.956
-8.529 330.217 -219.349
6.823 331.885 -213.576
30.703 321.879 -205.88
30.703 338.556 -209.728
28.997 340.224 -215.5
30.703 321.879 -221.273
23.88 335.221 -209.728
-11.94 333.553 -211.652
17.057 341.892 -194.335
22.174 346.895 -203.956
46.055 330.217 -223.197
81.875 321.879 -194.335
136.458 305.201 -178.942
191.041 291.859 -144.308
208.099 288.523 -109.674
225.156 275.181 -113.522
233.684 273.513 -96.205
255.859 258.503 -28.862
259.27 255.168 32.71
231.979 248.497 98.13
233.684 253.5 119.295
199.57 266.842 150.081
162.044 240.158 227.045
126.224 235.155 259.755
114.284 243.494 277.072
95.521 245.161 271.3
105.755 251.832 286.692
75.052 238.49 255.907
32.409 243.494 269.375
8.529 276.849 250.134
-23.88 278.517 248.21
-51.172 285.188 228.969
-104.049 280.184 207.804
-133.047 278.517 198.183
-148.398 276.849 207.804
-168.867 276.849 169.322
-192.747 276.849 107.75
-220.039 280.184 76.964
-206.393 276.849 42.33
-216.627 296.862 23.089
-226.862 286.855 19.241
-233.684 280.184 0.0
-230.273 263.507 0.0
-237.096 260.171 3.848
-250.742 273.513 7.696
-238.802 271.846 -9.621
-255.859 261.839 5.772
-240.507 266.842 26.938
-231.979 265.175 -5.772
-235.39 278.517 -17.317
-237.096 263.507 -7.696
-237.096 266.842 -11.545
-231.979 285.188 -13.469
-228.567 278.517 -32.71
-218.333 288.523 -25.013
-223.45 286.855 -46.179
-237.096 276.849 -30.786
-238.802 281.852 -13.469
-226.862 280.184 -11.545
-220.039 286.855 -46.179
-223.45 283.52 -23.089
-208.099 295.194 -63.496
-191.041 311.872 -67.344
-185.924 313.54 -107.75
-191.041 308.536 -101.978
-184.218 298.53 -105.826
-189.336 306.869 -100.054
-175.69 313.54 -111.598
-191.041 298.53 -128.915
-177.395 305.201 -132.764
-172.278 293.527 -153.929
-141.575 300.198 -180.866
-146.692 308.536 -190.487
-124.518 293.527 -196.259
-127.929 296.862 -203.956
-119.401 295.194 -209.728
-115.989 305.201 -217.424
-115.989 295.194 -221.273
-93.815 303.533 -234.741
-117.695 290.191 -234.741
-117.695 293.527 -223.197
-95.521 298.53 -232.817
-95.521 301.865 -244.362
-73.346 293.527 -227.045
-76.758 293.527 -250.134
-63.112 290.191 -246.286
-66.523 313.54 -257.831
-73.346 293.527 -265.527
-97.226 283.52 -265.527
-107.461 273.513 -250.134
-76.758 293.527 -273.224
-90.403 290.191 -261.679
-76.758 290.191 -261.679
-64.818 295.194 -286.692
-40.937 268.51 -282.844
-71.64 281.852 -286.692
-44.349 265.175 -275.148
-42.643 273.513 -280.92
-49.466 280.184 -304.009
-42.643 290.191 -323.25
-27.292 288.523 -340.567
23.88 298.53 -309.782
107.461 313.54 -253.983
121.107 320.211 -223.197
148.398 336.888 -165.473
158.633 346.895 -111.598
163.75 345.227 -48.103
170.573 341.892 -17.317
180.807 335.221 59.647
185.924 330.217 61.572
177.395 318.543 82.737
170.573 328.55 71.192
177.395 318.543 71.192
177.395 315.207 82.737
173.984 308.536 75.04
177.395 308.536 90.433
133.047 325.214 125.067
127.929 320.211 157.777
153.515 315.207 163.549
124.518 323.546 126.991
139.87 325.214 148.156
136.458 311.872 125.067
117.695 323.546 153.929
114.284 313.54 169.322
95.521 321.879 186.639
64.818 308.536 213.576
35.82 306.869 223.197
17.057 295.194 240.514
5.117 296.862 238.59
-18.763 293.527 253.983
-61.406 281.852 244.362
-86.992 290.191 234.741
-134.752 300.198 203.956
-167.161 285.188 155.853
-179.101 313.54 107.75
-189.336 306.869 80.813
-182.513 330.217 38.482
-196.158 333.553 -3.848
-185.924 336.888 -26.938
-168.867 306.869 -26.938
-182.513 310.204 69.268
-139.87 295.194 148.156
-80.169 293.527 211.652
-11.94 290.191 242.438
22.174 290.191 242.438
68.229 281.852 236.666
69.935 296.862 219.349
112.578 291.859 202.032
172.278 273.513 169.322
189.336 290.191 161.625
211.51 285.188 128.915
225.156 301.865 98.13
208.099 308.536 59.647
211.51 308.536 32.71
218.333 318.543 13.469
197.864 328.55 13.469
182.513 330.217 -23.089
173.984 338.556 -59.647
158.633 346.895 -61.572
139.87 361.905 -98.13
139.87 361.905 -94.281
124.518 356.902 -111.598
112.578 368.576 -144.308
78.463 371.911 -167.398
63.112 366.908 -200.107
39.232 363.573 -227.045
5.117 356.902 -223.197
-37.526 348.563 -240.514
-88.698 345.227 -232.817
-124.518 330.217 -230.893
-127.929 316.875 -215.5
-187.63 311.872 -190.487
-214.921 291.859 -167.398
-226.862 290.191 -119.295
-233.684 290.191 -100.054
-221.744 275.181 -113.522
-243.919 293.527 -76.964
-255.859 271.846 -63.496
-262.682 275.181 -44.255
-247.33 273.513 -46.179
-230.273 276.849 -57.723
-214.921 288.523 -17.317
-168.867 330.217 -34.634
-105.755 348.563 -25.013
-42.643 363.573 -73.116
-5.117 363.573 -73.116
46.055 356.902 -46.179
73.346 343.559 -42.33
121.107 346.895 -26.938
144.987 326.882 -46.179
201.276 298.53 -36.558
179.101 310.204 -11.545
138.164 340.224 -26.938
34.115 348.563 -17.317
-46.055 366.908 -26.938
-141.575 336.888 -38.482
-231.979 285.188 -32.71
-289.973 225.148 -28.862
-325.794 133.421 -19.241
-363.32 63.375 -11.545
-359.908 -66.711 -7.696
-330.911 -148.431 -48.103
-313.854 -188.457 -55.799
-272.916 -251.832 -51.951
-257.565 -296.862 -23.089
-192.747 -310.204 -19.241
-150.104 -351.898 9.621
-163.75 -345.227 -21.165
-189.336 -320.211 -23.089
-250.742 -273.513 -46.179
-296.796 -198.464 -55.799
-341.145 -108.405 -40.406
-375.26 -35.023 -44.255
-370.143 66.711 -7.696
-342.851 153.434 -7.696
-313.854 208.471 5.772
-264.388 246.829 3.848
-226.862 280.184 15.393
-192.747 320.211 15.393
-131.341 343.559 -3.848
-44.349 345.227 -9.621
22.174 376.915 -65.42
61.406 358.569 -9.621
109.166 341.892 -13.469
165.455 320.211 -19.241
175.69 313.54 19.241
206.393 286.855 0.0
242.213 271.846 -17.317
279.739 241.826 -55.799
295.091 206.803 -65.42
317.265 178.451 -55.799
341.145 141.76 -1.924
344.557 91.727 21.165
368.437 55.036 13.469
370.143 13.342 7.696
371.848 -31.688 13.469
371.848 -31.688 -1.924
368.437 -1.668 5.772
351.38 91.727 5.772
300.208 188.457 -28.862
252.447 275.181 -25.013
175.69 316.875 7.696
25.586 366.908 50.027
-44.349 348.563 44.255
-148.398 326.882 69.268
-226.862 286.855 65.42
-264.388 243.494 53.875
-322.382 156.77 15.393
-359.908 63.375 -30.786
-353.085 -46.697 -80.813
-347.968 -138.424 -78.889
-313.854 -175.115 -63.496
-293.385 -205.135 -51.951
-252.447 -261.839 -48.103
-194.453 -315.207 -78.889
-129.635 -365.24 -78.889
-56.289 -370.244 -30.786
-17.057 -391.925 -13.469
78.463 -395.26 -1.924
151.81 -386.921 26.938
220.039 -350.231 42.33
257.565 -333.553 46.179
196.158 -366.908 7.696
71.64 -378.583 -55.799
-81.875 -371.911 -71.192
-225.156 -281.852 -48.103
-315.559 -190.125 -50.027
-332.617 -93.395 -19.241
-363.32 -3.336 -30.786
-354.791 98.398 -21.165
-312.148 170.112 -76.964
-291.679 206.803 50.027
-264.388 216.809 92.357
-278.033 170.112 173.17
-259.27 48.365 286.692
-163.75 -135.089 355.96
-93.815 -293.527 269.375
-139.87 -311.872 194.335
-151.81 -320.211 80.813
-170.573 -305.201 -40.406
-182.513 -260.171 -180.866
-187.63 -161.773 -267.451
-199.57 -106.737 -304.009
-182.513 -43.362 -311.706
-180.807 15.01 -332.871
-182.513 106.737 -311.706
-175.69 133.421 -330.947
-153.515 1.668 -352.112
-117.695 -266.842 -234.741
-179.101 -326.882 -7.696
-204.687 -298.53 121.219
-221.744 -251.832 202.032
-209.804 -196.796 284.768
-231.979 -95.063 298.237
-235.39 -41.694 321.326
-269.505 78.385 255.907
-264.388 123.415 192.411
-257.565 153.434 200.107
-259.27 188.457 148.156
-255.859 231.819 94.281
-242.213 245.161 44.255
-243.919 256.836 38.482
-242.213 261.839 13.469
-238.802 275.181 -28.862
-243.919 256.836 -73.116
-242.213 258.503 -86.585
-267.799 233.487 -134.688
-276.328 198.464 -155.853
-276.328 198.464 -163.549
-278.033 220.145 -73.116
-281.445 220.145 53.875
-254.153 250.165 46.179
-247.33 246.829 80.813
-308.736 193.461 50.027
-359.908 66.711 53.875
-359.908 -46.697 30.786
-325.794 -163.441 3.848
-295.091 -220.145 -26.938
-243.919 -266.842 -65.42
-199.57 -320.211 -50.027
-86.992 -373.579 -26.938
-22.174 -396.928 -42.33
-5.117 -403.599 -50.027
-86.992 -380.25 -88.509
-211.51 -301.865 -98.13
-308.736 -200.132 -84.661
-353.085 -90.059 -76.964
-354.791 15.01 -44.255
-337.734 108.405 -1.924
-308.736 183.454 7.696
-286.562 241.826 -1.924
-260.976 283.52 -15.393
-206.393 323.546 0.0
-196.158 326.882 -38.482
-206.393 333.553 -57.723
-255.859 268.51 -59.647
-307.031 238.49 -48.103
-289.973 238.49 -36.558
-298.502 246.829 -46.179
-305.325 240.158 -57.723
-300.208 251.832 -40.406
-293.385 258.503 -51.951
