-58.839 273.703 105.377
-65.971 266.548 88.651
-57.056 268.337 90.323
-74.885 264.759 110.395
-73.102 277.281 98.687
-57.056 257.603 93.669
-62.405 270.126 91.996
-64.188 261.181 76.942
-62.405 277.281 88.651
-65.971 270.126 95.341
-60.622 264.759 86.978
-69.537 280.859 88.651
-65.971 270.126 81.96
-53.49 271.914 100.359
-57.056 275.492 93.669
-62.405 273.703 88.651
-41.009 284.437 105.377
-14.264 268.337 97.014
16.047 273.703 105.377
33.877 288.015 88.651
62.405 262.97 91.996
112.328 266.548 78.615
146.205 232.558 107.05
178.299 221.825 100.359
194.346 198.569 98.687
213.959 182.469 103.705
230.005 166.369 108.722
242.486 132.379 117.086
246.052 110.913 100.359
262.099 73.345 88.651
281.712 60.823 93.669
269.231 37.567 102.032
279.929 23.256 91.996
272.797 16.1 91.996
274.58 14.311 93.669
274.58 -7.156 103.705
258.533 1.789 88.651
262.099 19.678 98.687
288.844 10.733 103.705
272.797 -1.789 95.341
267.448 3.578 93.669
281.712 -7.156 90.323
269.231 -37.567 81.96
258.533 -55.456 98.687
265.665 -101.968 95.341
240.703 -127.013 102.032
231.788 -153.846 97.014
219.307 -180.68 102.032
196.129 -207.514 103.705
203.261 -193.202 93.669
162.252 -223.614 98.687
164.035 -236.136 90.323
126.592 -255.814 105.377
101.63 -259.392 105.377
80.234 -259.392 105.377
46.358 -268.337 103.705
30.311 -277.281 95.341
8.915 -295.17 98.687
-8.915 -270.126 98.687
5.349 -284.437 112.068
8.915 -280.859 98.687
37.443 -270.126 108.722
135.507 -246.87 110.395
140.856 -259.392 105.377
146.205 -239.714 110.395
147.988 -252.236 102.032
160.469 -246.87 86.978
160.469 -232.558 100.359
147.988 -248.659 95.341
139.073 -246.87 103.705
130.158 -255.814 105.377
119.46 -266.548 91.996
115.894 -270.126 102.032
90.932 -277.281 95.341
69.537 -266.548 118.758
44.575 -298.748 108.722
37.443 -280.859 115.413
17.83 -296.959 107.05
-14.264 -289.804 113.74
-49.924 -282.648 113.74
-89.149 -275.492 100.359
-130.158 -280.859 112.068
-139.073 -264.759 120.431
-149.771 -246.87 110.395
-171.167 -236.136 107.05
-183.648 -230.77 108.722
-180.082 -223.614 118.758
-192.563 -214.669 103.705
-237.137 -191.413 102.032
-235.354 -178.891 110.395
-253.184 -146.691 76.942
-267.448 -143.113 93.669
-269.231 -116.279 91.996
-295.976 -78.712 73.597
-287.061 -69.768 68.579
-288.844 -67.979 73.597
-281.712 -118.068 83.633
-224.656 -193.202 97.014
-131.941 -264.759 113.74
-65.971 -262.97 108.722
-14.264 -275.492 107.05
41.009 -273.703 115.413
103.413 -250.448 117.086
140.856 -230.77 122.104
176.516 -216.458 108.722
213.959 -153.846 120.431
249.618 -125.224 110.395
265.665 -76.923 105.377
260.316 -82.29 110.395
262.099 -80.501 91.996
272.797 -66.19 95.341
265.665 -69.768 105.377
260.316 -64.401 110.395
254.967 -76.923 102.032
276.363 -76.923 105.377
269.231 -76.923 98.687
274.58 -32.2 107.05
278.146 21.467 97.014
256.75 82.29 107.05
237.137 137.746 102.032
221.09 193.202 117.086
217.524 207.514 107.05
167.601 218.247 113.74
158.686 252.236 105.377
140.856 248.659 108.722
115.894 252.236 115.413
101.63 266.548 105.377
99.847 250.448 97.014
85.583 268.337 103.705
80.234 266.548 108.722
82.017 264.759 103.705
55.273 266.548 88.651
3.566 282.648 100.359
-17.83 279.07 90.323
-37.443 277.281 102.032
-49.924 271.914 103.705
-58.839 284.437 91.996
-62.405 270.126 95.341
-76.668 270.126 102.032
-71.319 282.648 86.978
-62.405 277.281 112.068
-82.017 275.492 100.359
-105.196 259.392 98.687
-106.979 268.337 97.014
-121.243 271.914 83.633
-135.507 243.292 107.05
-137.29 252.236 91.996
-155.12 248.659 105.377
-185.431 221.825 100.359
-190.78 205.725 95.341
-199.695 221.825 86.978
-187.214 227.192 102.032
-156.903 232.558 103.705
-155.12 234.347 102.032
-135.507 250.448 97.014
-108.762 273.703 108.722
-35.66 275.492 103.705
10.698 264.759 107.05
90.932 273.703 98.687
140.856 248.659 91.996
174.733 225.403 97.014
203.261 207.514 93.669
210.393 218.247 97.014
199.695 207.514 100.359
187.214 216.458 91.996
205.044 205.725 95.341
208.61 202.147 102.032
210.393 211.092 100.359
213.959 200.358 97.014
208.61 205.725 102.032
210.393 182.469 93.669
213.959 182.469 97.014
226.439 187.836 98.687
228.222 178.891 90.323
244.269 191.414 91.996
235.354 164.58 100.359
265.665 123.435 108.722
276.363 44.723 91.996
283.495 -5.367 105.377
271.014 -64.401 90.323
267.448 -103.757 110.395
246.052 -143.113 97.014
238.92 -150.269 107.05
205.044 -177.102 88.651
240.703 -152.057 102.032
274.58 -75.134 110.395
278.146 14.311 110.395
262.099 62.612 102.032
265.665 130.591 112.068
230.005 159.213 102.032
231.788 164.58 90.323
221.09 178.891 76.942
213.959 200.358 93.669
230.005 194.991 88.651
201.478 191.414 88.651
213.959 186.047 90.323
222.873 187.836 71.924
213.959 186.047 63.561
221.09 189.625 36.798
221.09 189.625 10.036
222.873 187.836 -1.673
221.09 193.202 -53.525
215.742 184.258 -61.888
215.742 180.68 -65.233
206.827 168.158 -93.669
221.09 121.646 -153.884
208.61 59.034 -168.938
215.742 -5.367 -178.974
233.571 -44.723 -182.319
206.827 -89.446 -177.301
192.563 -114.49 -183.992
206.827 -128.802 -163.92
197.912 -152.057 -162.247
183.648 -180.68 -152.211
172.95 -220.036 -125.449
190.78 -220.036 -58.543
201.478 -212.88 18.399
208.61 -209.303 61.888
212.176 -216.458 95.341
222.873 -198.569 112.068
230.005 -180.68 148.866
206.827 -139.535 177.301
222.873 -130.59 189.01
221.09 -114.49 204.064
208.61 -112.701 222.463
197.912 -73.345 235.844
192.563 -25.045 244.207
197.912 12.522 235.844
187.214 51.878 249.225
201.478 87.657 232.499
196.129 128.802 194.028
228.222 146.691 153.884
215.742 184.258 108.722
221.09 189.625 70.251
217.524 214.669 46.834
208.61 191.414 -8.363
199.695 196.78 -56.87
201.478 184.258 -102.032
196.129 157.424 -153.884
221.09 121.646 -163.92
213.959 93.023 -157.229
210.393 103.757 -170.611
205.044 127.013 -172.283
212.176 166.369 -115.413
233.571 187.836 -41.816
228.222 193.202 23.417
210.393 193.202 60.216
224.656 186.047 97.014
201.478 162.791 138.83
206.827 107.335 194.028
183.648 80.501 209.082
188.997 57.245 240.862
185.431 39.356 244.207
183.648 1.789 252.571
180.082 -94.812 242.535
185.431 -161.002 204.064
199.695 -211.092 153.884
199.695 -193.202 157.229
201.478 -205.725 122.104
199.695 -236.136 76.942
192.563 -243.292 43.489
199.695 -261.181 23.417
199.695 -232.558 -46.834
190.78 -209.303 -122.104
194.346 -155.635 -165.593
187.214 -141.324 -178.974
203.261 -78.712 -197.373
203.261 -71.556 -200.718
208.61 -8.945 -222.463
210.393 71.556 -194.028
212.176 144.902 -155.557
212.176 152.057 -128.794
213.959 175.313 -103.705
217.524 175.313 -66.906
240.703 177.102 -18.399
222.873 194.991 -15.054
217.524 207.514 53.525
213.959 193.202 113.74
176.516 162.791 155.557
187.214 177.102 162.247
180.082 187.836 165.593
172.95 177.102 172.283
164.035 175.313 190.682
158.686 187.836 172.283
144.422 166.369 195.7
142.639 186.047 190.682
149.771 186.047 194.028
146.205 175.313 190.682
153.337 196.78 194.028
139.073 193.202 190.682
117.677 157.424 227.481
92.715 164.58 230.826
62.405 155.635 255.916
16.047 162.791 272.643
-39.226 146.691 257.589
-78.451 157.424 264.279
-119.46 166.369 245.88
-144.422 173.524 202.391
-183.648 187.836 168.938
-221.09 178.891 137.158
-240.703 155.635 105.377
-265.665 162.791 41.816
-262.099 155.635 1.673
-269.231 155.635 -15.054
-247.835 162.791 -38.471
-260.316 157.424 -46.834
-262.099 141.324 -45.162
-244.269 162.791 -45.162
-269.231 169.947 -18.399
-260.316 157.424 -20.072
-260.316 171.735 -33.453
-254.967 148.48 -68.579
-251.401 159.213 -98.687
-222.873 162.791 -128.794
-206.827 178.891 -180.647
-158.686 187.836 -209.082
-128.375 193.202 -204.064
-73.102 173.524 -235.844
-39.226 171.735 -234.171
17.83 164.58 -234.171
16.047 191.414 -229.154
42.792 186.047 -220.79
67.754 168.158 -214.1
89.149 164.58 -204.064
108.762 180.68 -205.736
121.243 189.625 -210.754
153.337 161.002 -173.956
192.563 150.269 -150.539
194.346 159.213 -122.104
205.044 162.791 -108.722
233.571 155.635 -78.615
235.354 175.313 -46.834
242.486 164.58 -20.072
226.439 180.68 -5.018
246.052 175.313 6.691
213.959 168.158 -10.036
231.788 175.313 6.691
212.176 184.258 -15.054
226.439 187.836 -25.09
230.005 180.68 -15.054
235.354 186.047 33.453
213.959 178.891 66.906
206.827 193.202 66.906
196.129 200.358 97.014
194.346 205.725 105.377
169.384 187.836 142.176
140.856 191.414 145.521
146.205 178.891 170.611
187.214 184.258 125.449
217.524 193.202 76.942
228.222 196.78 13.381
196.129 203.936 -46.834
155.12 209.303 -108.722
137.29 205.725 -172.283
89.149 214.669 -183.992
89.149 211.092 -190.682
89.149 218.247 -197.373
51.707 216.458 -209.082
-7.132 196.78 -217.445
-62.405 184.258 -235.844
-80.234 198.569 -225.808
-110.545 200.358 -220.79
-126.592 220.036 -185.665
-151.554 216.458 -165.593
-188.997 200.358 -167.265
-205.044 205.725 -128.794
-208.61 216.458 -98.687
-201.478 216.458 -81.96
-222.873 230.77 -55.198
-215.741 241.503 -18.399
-203.261 221.825 -3.345
-224.656 246.87 6.691
-228.222 250.448 26.762
-210.393 254.025 40.144
-183.648 255.814 85.305
-176.516 252.236 75.269
-174.733 236.136 110.395
-165.818 234.347 135.485
-147.988 220.036 148.866
-131.941 243.292 163.92
-96.281 243.292 183.992
-80.234 252.236 185.665
-42.792 264.759 180.647
-28.528 236.136 194.028
-48.141 237.925 185.665
-39.226 254.025 183.992
-39.226 246.87 183.992
-7.132 239.714 194.028
-16.047 266.548 178.974
-7.132 261.181 167.265
-3.566 257.603 173.956
-21.396 246.87 173.956
-26.745 262.97 178.974
23.179 241.503 178.974
53.49 243.292 167.265
94.498 237.925 128.794
117.677 243.292 107.05
96.281 264.759 90.323
71.32 268.337 90.323
89.149 254.025 83.633
108.762 277.281 88.651
115.894 270.126 102.032
123.026 255.814 75.269
139.073 254.025 60.216
151.554 259.392 68.579
146.205 254.025 53.525
151.554 255.814 68.579
162.252 234.347 71.924
153.337 236.136 76.942
151.554 241.503 71.924
185.431 246.87 46.834
187.214 234.347 38.471
180.082 230.77 48.507
192.563 228.981 36.798
213.959 225.403 30.108
213.959 228.981 -6.691
192.563 232.558 -30.108
190.78 230.77 -55.198
181.865 228.981 -70.251
172.95 234.347 -81.96
197.912 245.081 -68.579
165.818 227.192 -81.96
158.686 227.192 -88.651
149.771 228.981 -123.776
115.894 234.347 -125.449
92.715 243.292 -147.193
60.622 246.87 -163.92
24.962 254.025 -177.301
-3.566 261.181 -180.647
8.915 255.814 -168.938
-3.566 243.292 -160.575
24.962 246.87 -167.265
39.226 254.025 -147.193
33.877 262.97 -155.557
33.877 248.659 -145.521
26.745 262.97 -158.902
64.188 261.181 -153.884
41.009 255.814 -155.557
48.141 255.814 -148.866
46.358 257.603 -157.229
58.839 255.814 -142.176
57.056 250.448 -143.848
51.707 252.236 -148.866
65.971 252.236 -148.866
42.792 268.337 -147.193
23.179 255.814 -145.521
-1.783 284.437 -135.485
-51.707 298.748 -118.758
-73.102 273.703 -122.104
-108.762 284.437 -81.96
-124.809 268.337 -76.942
-139.073 282.648 -66.906
-151.554 277.281 -35.126
-164.035 261.181 -16.727
-151.554 266.548 -11.709
-167.601 261.181 6.691
-171.167 268.337 33.453
-167.601 268.337 56.87
-187.214 255.814 41.816
-188.997 228.981 73.597
-187.214 227.192 102.032
-188.997 214.669 137.158
-171.167 203.936 183.992
-135.507 178.891 200.718
-98.064 187.836 219.118
-108.762 191.414 229.154
-94.498 180.68 232.499
-78.451 175.313 257.589
-58.839 173.524 242.535
-44.575 166.369 239.189
-19.613 184.258 245.88
-19.613 191.414 232.499
0.0 193.202 240.862
14.264 193.202 227.481
-33.877 205.725 222.463
-94.498 223.614 205.736
-169.384 220.036 158.902
-203.261 221.825 70.251
-230.005 209.303 15.054
-224.656 221.825 -46.834
-237.137 216.458 -61.888
-205.044 202.147 -112.068
-124.809 228.981 -173.956
-76.668 212.88 -192.355
-90.932 216.458 -215.772
-51.707 184.258 -249.225
30.311 198.569 -229.154
85.583 203.936 -194.028
110.545 232.558 -187.337
133.724 234.347 -132.14
140.856 241.503 -108.722
158.686 237.925 -55.198
183.648 245.081 -21.744
192.563 246.87 -3.345
188.997 228.981 23.417
188.997 225.403 26.762
201.478 230.77 21.744
199.695 200.358 46.834
254.967 155.635 68.579
274.58 57.245 50.18
287.061 -19.678 81.96
272.797 -91.234 108.722
249.618 -150.269 100.359
228.222 -189.625 93.669
167.601 -225.403 70.251
137.29 -262.97 91.996
123.026 -259.392 91.996
131.941 -275.492 86.978
165.818 -227.192 88.651
212.176 -173.524 122.104
260.316 -46.512 143.848
283.495 62.612 112.068
246.052 128.802 100.359
219.307 177.102 65.233
169.384 234.347 75.269
98.064 280.859 58.543
28.528 282.648 36.798
-41.009 277.281 35.126
-90.932 273.703 41.816
-146.205 250.448 46.834
-176.516 245.081 51.852
-176.516 220.036 38.471
-181.865 225.403 36.798
-121.243 250.448 23.417
-5.349 280.859 41.816
98.064 262.97 48.507
185.431 214.669 16.727
219.307 180.68 -35.126
237.137 134.168 -118.758
242.486 46.512 -167.265
215.742 -48.301 -192.355
217.524 -110.912 -177.301
178.299 -161.002 -163.92
146.205 -218.247 -133.812
112.328 -273.703 -128.794
83.8 -288.015 -95.341
69.537 -305.904 -75.269
48.141 -298.748 -38.471
58.839 -305.904 -51.852
82.017 -268.337 -147.193
83.8 -180.68 -215.772
106.979 -82.29 -260.934
162.252 -37.567 -249.225
149.771 -3.578 -257.589
172.95 12.522 -235.844
162.252 8.945 -225.808
188.997 46.512 -210.754
190.78 37.567 -229.154
176.516 -26.834 -215.772
178.299 -67.979 -217.445
174.733 -143.113 -180.647
156.903 -189.625 -177.301
142.639 -221.825 -160.575
130.158 -237.925 -132.14
105.196 -266.548 -95.341
96.281 -282.648 -97.014
64.188 -289.804 -90.323
55.273 -313.059 -51.852
64.188 -322.004 -0.0
65.971 -320.215 38.471
62.405 -302.326 71.924
65.971 -305.904 78.615
103.413 -279.07 117.086
112.328 -259.392 135.485
119.46 -248.659 162.247
139.073 -232.558 137.158
126.592 -266.548 105.377
135.507 -279.07 46.834
117.677 -286.226 -26.762
115.894 -259.392 -118.758
112.328 -223.614 -182.319
101.63 -180.68 -225.808
110.545 -125.224 -247.553
110.545 -21.467 -260.934
180.082 -12.522 -232.499
242.486 -21.467 -180.647
274.58 -32.2 -83.633
288.844 3.578 -6.691
287.061 98.39 11.709
219.307 169.947 -48.507
162.252 173.524 -158.902
83.8 119.857 -249.225
-10.698 100.179 -287.696
-89.149 71.556 -291.042
-144.422 80.501 -269.297
-165.818 91.234 -245.88
-180.082 141.324 -229.154
-155.12 173.524 -222.463
-87.366 184.258 -222.463
-14.264 203.936 -227.481
41.009 159.213 -232.499
123.026 91.234 -245.88
188.997 7.156 -214.1
272.797 -26.834 -138.83
290.627 -41.145 -45.162
299.542 -28.623 23.417
292.41 14.311 70.251
267.448 78.712 83.633
265.665 137.746 61.888
244.269 148.48 35.126
237.137 184.258 -35.126
192.563 200.358 -113.74
140.856 187.836 -185.665
67.754 143.113 -237.517
-35.66 139.535 -257.589
-139.073 150.269 -247.553
-203.261 114.49 -207.409
-251.401 112.701 -175.629
-254.967 155.635 -122.104
-206.827 221.825 -127.122
-114.111 246.87 -167.265
12.481 227.192 -205.736
89.149 146.691 -237.517
174.733 85.868 -214.1
233.571 23.256 -165.593
269.231 -23.256 -102.032
315.589 -12.522 1.673
299.542 25.045 63.561
281.712 64.401 103.705
242.486 139.535 80.287
208.61 209.303 45.162
196.129 214.669 -6.691
178.299 211.092 -90.323
156.903 193.202 -157.229
48.141 137.746 -222.463
-60.622 107.335 -277.66
-121.243 89.446 -264.279
-203.261 100.179 -224.136
-231.788 143.113 -173.956
-201.478 173.524 -202.391
-121.243 161.002 -237.517
-53.49 153.846 -250.898
39.226 82.29 -277.66
123.026 19.678 -269.297
215.742 -16.1 -189.01
278.146 -67.979 -103.705
299.542 -57.245 -13.381
288.844 -3.578 33.453
279.929 80.501 68.579
254.967 162.791 11.709
212.176 177.102 -75.269
155.12 159.213 -185.665
124.809 96.601 -254.243
101.63 19.678 -269.297
124.809 -85.868 -254.243
147.988 -105.546 -232.499
181.865 -168.158 -177.301
197.912 -202.147 -128.794
215.742 -205.725 -71.924
215.742 -230.77 -21.744
221.09 -228.981 30.108
197.912 -223.614 102.032
171.167 -221.825 163.92
99.847 -207.514 240.862
51.707 -187.836 272.643
-17.83 -168.158 281.006
-83.8 -184.258 269.297
-142.639 -175.313 247.553
-201.478 -166.369 202.391
-228.222 -171.735 167.265
-256.75 -171.735 103.705
-283.495 -169.947 35.126
-253.184 -178.891 -26.762
-244.269 -177.102 -78.615
-231.788 -171.735 -86.978
-235.354 -186.047 -56.87
-237.137 -209.303 -11.709
-246.052 -218.247 66.906
-219.307 -227.192 128.794
-201.478 -202.147 165.593
-151.554 -202.147 215.772
-108.762 -194.991 252.571
-37.443 -191.413 252.571
62.405 -202.147 252.571
165.818 -177.102 209.082
240.703 -152.057 132.14
253.184 -146.691 30.108
265.665 -134.168 -61.888
226.439 -155.635 -118.758
112.328 -159.213 -199.046
55.273 -127.013 -249.225
12.481 -137.746 -255.916
-39.226 -146.691 -234.171
-48.141 -220.036 -165.593
-90.932 -227.192 -148.866
-133.724 -220.036 -105.377
-149.771 -214.669 -107.05
-101.63 -209.303 -145.521
-19.613 -212.88 -168.938
80.234 -177.102 -189.01
124.809 -164.58 -183.992
146.205 -153.846 -170.611
147.988 -148.48 -162.247
151.554 -169.947 -118.758
156.903 -214.669 -123.776
85.583 -250.448 -93.669
51.707 -288.015 -115.413
8.915 -298.748 -85.305
-21.396 -300.537 -36.798
-65.971 -288.015 -41.816
-108.762 -288.015 -31.78
-128.375 -286.226 -30.108
-96.281 -275.492 -93.669
-51.707 -273.703 -108.722
-37.443 -284.437 -112.068
-19.613 -266.548 -128.794
-42.792 -264.759 -117.086
-44.575 -262.97 -118.758
-62.405 -248.659 -148.866
-105.196 -187.836 -195.7
-115.894 -177.102 -209.082
-139.073 -161.002 -207.409
-130.158 -177.102 -202.391
-139.073 -178.891 -200.718
-147.988 -159.213 -189.01
-187.214 -162.791 -155.557
-258.533 -105.546 -145.521
-278.146 -46.512 -123.776
-297.759 -33.989 -95.341
-263.882 -96.601 -130.467
-156.903 -139.535 -210.754
-67.754 -107.335 -240.862
5.349 -130.59 -255.916
89.149 -164.58 -220.79
153.337 -146.691 -197.373
187.214 -130.59 -178.974
219.307 -105.546 -168.938
222.873 -69.768 -158.902
235.354 -46.512 -157.229
274.58 -17.889 -130.467
278.146 21.467 -90.323
288.844 17.889 -73.597
292.41 32.2 -53.525
292.41 42.934 -0.0
294.193 51.878 38.471
262.099 -12.522 112.068
208.61 -73.345 202.391
133.724 -159.213 242.535
103.413 -211.092 220.79
65.971 -245.081 195.7
35.66 -275.492 140.503
30.311 -295.17 105.377
12.481 -320.215 58.543
10.698 -314.848 -0.0
28.528 -322.004 -46.834
5.349 -302.326 -65.233
-12.481 -291.592 -78.615
-26.745 -295.17 -88.651
-62.405 -295.17 -81.96
-94.498 -280.859 -71.924
-110.545 -268.337 -56.87
-156.903 -279.07 -60.216
-155.12 -252.236 -88.651
-142.639 -279.07 -66.906
-137.29 -277.281 -78.615
-131.941 -275.492 -66.906
-151.554 -270.126 -18.399
-176.516 -259.392 -8.363
-237.137 -220.036 -11.709
-256.75 -203.936 -6.691
-258.533 -191.413 -8.363
-290.627 -169.947 -1.673
-281.712 -161.002 -0.0
-279.929 -187.836 5.018
-249.618 -225.403 -13.381
-222.873 -241.503 -5.018
-183.648 -262.97 -15.054
-174.733 -268.337 -30.108
-176.516 -241.503 -102.032
-230.005 -148.48 -168.938
-238.92 -67.979 -183.992
-251.401 12.522 -209.082
-242.486 82.29 -187.337
-242.486 121.646 -170.611
-256.75 146.691 -123.776
-260.316 182.469 -43.489
-267.448 175.313 43.489
-260.316 157.424 66.906
-265.665 148.48 122.104
-263.882 75.134 173.956
-262.099 5.367 182.319
-281.712 -39.356 173.956
-272.797 -112.701 142.176
-249.618 -153.846 140.503
-246.052 -193.202 103.705
-235.354 -218.247 53.525
-240.703 -237.925 31.78
-237.137 -205.725 5.018
-217.524 -207.514 -10.036
-228.222 -203.936 -13.381
-219.307 -202.147 -38.471
-210.393 -228.981 3.345
-247.835 -198.569 45.162
-238.92 -178.891 97.014
-235.354 -146.691 180.647
-242.486 -57.245 217.445
-244.269 19.678 199.046
-262.099 84.079 168.938
-267.448 135.957 127.122
-272.797 155.635 81.96
-278.146 164.58 30.108
-271.014 175.313 26.762
-278.146 186.047 6.691
-256.75 196.78 6.691
-244.269 194.991 -15.054
-262.099 184.258 -58.543
-253.184 153.846 -133.812
-244.269 116.279 -158.902
-251.401 87.657 -199.046
-235.354 14.311 -210.754
-213.958 -28.623 -227.481
-205.044 -98.39 -212.427
-208.61 -137.746 -189.01
-208.61 -159.213 -178.974
-224.656 -164.58 -150.539
-215.741 -194.991 -128.794
-213.958 -221.825 -100.359
-213.958 -228.981 -97.014
-226.439 -241.503 -38.471
-231.788 -236.136 3.345
-221.09 -239.714 63.561
-238.92 -232.558 97.014
-219.307 -227.192 118.758
-213.958 -214.669 123.776
-192.563 -218.247 143.848
-205.044 -223.614 165.593
-133.724 -227.192 205.736
-90.932 -209.303 225.808
-33.877 -216.458 235.844
12.481 -230.77 235.844
65.971 -241.503 219.118
158.686 -212.88 185.665
187.214 -220.036 135.485
208.61 -209.303 98.687
224.656 -196.78 63.561
240.703 -184.258 45.162
242.486 -196.78 10.036
244.269 -194.991 1.673
231.788 -189.625 -13.381
217.524 -193.202 -56.87
217.524 -196.78 -66.906
196.129 -193.202 -90.323
133.724 -216.458 -155.557
83.8 -212.88 -189.01
26.745 -209.303 -215.772
-48.141 -205.725 -205.736
-80.234 -209.303 -199.046
-99.847 -221.825 -180.647
-156.903 -207.514 -140.503
-165.818 -209.303 -118.758
-194.346 -220.036 -88.651
-203.261 -236.136 -46.834
-212.176 -248.659 1.673
-180.082 -266.548 11.709
-172.95 -259.392 31.78
-178.299 -275.492 43.489
-185.431 -264.759 20.072
-196.129 -250.448 50.18
-194.346 -241.503 61.888
-190.78 -223.614 95.341
-194.346 -216.458 91.996
-185.431 -211.092 97.014
-194.346 -209.303 91.996
-235.354 -150.269 80.287
-301.325 -55.456 61.888
-301.325 16.1 51.852
-290.627 44.723 48.507
-290.627 112.701 51.852
-244.269 187.836 51.852
-192.563 203.936 53.525
-149.771 236.136 66.906
-140.856 252.236 75.269
-108.762 245.081 68.579
-74.885 268.337 83.633
-7.132 268.337 73.597
0.0 271.914 86.978
80.234 252.236 81.96
106.979 214.669 93.669
105.196 237.925 98.687
110.545 246.87 83.633
121.243 214.669 100.359
164.035 225.403 103.705
171.167 175.313 123.776
221.09 161.002 127.122
246.052 125.224 110.395
249.618 93.023 127.122
260.316 71.556 120.431
279.929 37.567 118.758
278.146 -7.156 113.74
254.967 -41.145 108.722
258.533 -84.079 108.722
272.797 -80.501 112.068
267.448 -85.868 110.395
258.533 -91.234 108.722
262.099 -91.234 105.377
265.665 -101.968 98.687
267.448 -93.023 113.74
249.618 -89.446 107.05
240.703 -109.124 112.068
238.92 -125.224 110.395
213.959 -135.957 100.359
199.695 -175.313 107.05
165.818 -209.303 108.722
144.422 -227.192 102.032
94.498 -241.503 95.341
49.924 -264.759 76.942
14.264 -268.337 83.633
-19.613 -277.281 88.651
-58.839 -262.97 81.96
-106.979 -257.603 80.287
-123.026 -248.659 78.615
-156.903 -225.403 66.906
-176.516 -194.991 55.198
-235.354 -132.379 56.87
-272.797 -98.39 38.471
-279.929 -48.301 35.126
-258.533 -37.567 21.744
-281.712 -35.778 33.453
-256.75 -82.29 46.834
-208.61 -162.791 58.543
-149.771 -211.092 53.525
-65.971 -266.548 68.579
14.264 -257.603 93.669
71.32 -243.292 90.323
144.422 -227.192 91.996
212.176 -177.102 112.068
226.439 -137.746 102.032
247.835 -98.39 115.413
267.448 35.778 120.431
237.137 127.013 118.758
219.307 127.013 122.104
219.307 134.168 105.377
217.524 139.535 123.776
230.005 119.857 108.722
219.307 137.746 128.794
219.307 123.435 118.758
213.959 128.802 110.395
210.393 132.379 110.395
224.656 139.535 107.05
221.09 135.957 107.05
226.439 134.168 112.068
222.873 123.435 105.377
221.09 132.379 113.74
233.571 123.435 122.104
