-254.448 248.549 -82.735
-256.144 256.618 -84.753
-259.537 243.707 -80.717
-257.84 261.46 -82.735
-256.144 253.39 -88.789
-266.322 246.935 -80.717
-261.233 251.776 -86.771
-254.448 261.46 -102.914
-259.537 253.39 -76.681
-245.966 246.935 -88.789
-251.055 264.688 -102.914
-262.929 253.39 -88.789
-257.84 258.232 -82.735
-261.233 245.321 -110.986
-295.159 216.269 -106.95
-346.049 190.446 -106.95
-373.19 183.99 -66.592
-393.546 158.167 -58.52
-430.865 125.888 -10.09
-395.242 14.526 -84.753
-398.635 -24.209 -72.645
-374.886 -43.577 -64.574
-395.242 -43.577 -68.609
-402.028 -88.767 -80.717
-378.279 -111.363 -68.609
-369.797 -116.204 -70.627
-352.834 -151.711 -62.556
-344.353 -195.288 -60.538
-320.604 -243.707 -68.609
-279.893 -275.986 -56.502
-245.966 -301.809 -64.574
-217.129 -335.702 -42.376
-144.187 -359.911 -52.466
-132.313 -377.665 -38.341
-140.794 -366.367 -56.502
-171.328 -350.227 -52.466
-183.202 -342.158 -34.305
-174.721 -347.0 -40.358
-179.81 -358.297 -50.448
-193.38 -361.525 -58.52
-154.365 -363.139 -52.466
-147.58 -376.051 -52.466
-81.423 -406.716 -50.448
-27.141 -397.032 -38.341
5.089 -408.33 -60.538
32.23 -401.874 -52.466
44.104 -384.12 -42.376
66.156 -382.506 -44.394
72.942 -398.646 -36.323
101.779 -397.032 -30.269
93.298 -398.646 -44.394
81.423 -393.804 -46.412
91.601 -400.26 -42.376
91.601 -400.26 -34.305
100.083 -392.19 -60.538
117.046 -385.734 -48.43
134.009 -385.734 -52.466
179.81 -380.893 -38.341
229.003 -337.316 -28.251
262.929 -321.176 -28.251
288.374 -293.739 -42.376
303.641 -285.669 -36.323
329.086 -242.093 -62.556
357.923 -208.2 -52.466
374.886 -182.377 -44.394
395.242 -133.958 -56.502
400.331 -103.293 -50.448
402.028 -79.084 -44.394
400.331 -67.786 -42.376
388.457 -72.628 -60.538
391.85 -56.488 -68.609
402.028 -66.172 -40.358
403.724 -51.646 -42.376
400.331 -58.102 -46.412
395.242 -53.26 -36.323
403.724 -51.646 -46.412
413.902 -61.33 -54.484
407.117 -61.33 -46.412
403.724 -64.558 -30.269
408.813 -82.312 -52.466
396.939 -71.014 -54.484
390.153 -64.558 -46.412
408.813 -69.4 -40.358
413.902 -64.558 -58.52
393.546 -74.242 -26.233
390.153 -67.786 -58.52
396.939 -77.47 -54.484
393.546 -87.153 -54.484
385.064 -85.539 -56.502
386.761 -74.242 -46.412
390.153 -77.47 -54.484
388.457 -75.856 -32.287
400.331 -67.786 -50.448
393.546 -71.014 -54.484
396.939 -54.874 -50.448
410.509 -19.367 -46.412
393.546 38.735 -30.269
390.153 77.47 -30.269
374.886 121.046 -24.215
368.101 140.414 -20.179
337.567 169.465 -20.179
337.567 208.2 -12.108
308.73 238.865 -30.269
276.5 256.618 -40.358
268.018 274.372 -38.341
242.574 292.125 -32.287
215.432 314.721 -36.323
176.417 338.93 -30.269
130.617 356.683 -44.394
110.261 369.595 -20.179
71.245 377.665 -34.305
52.586 376.051 -32.287
62.764 392.19 -40.358
78.031 371.209 -18.161
64.46 377.665 -46.412
54.282 367.981 -22.197
76.334 388.962 -40.358
64.46 384.12 -38.341
25.445 379.279 -32.287
3.393 393.804 -46.412
-44.104 390.576 -30.269
-108.564 384.12 -38.341
-145.883 384.12 -54.484
-183.202 342.158 -42.376
-237.485 319.562 -50.448
-279.893 292.125 -44.394
-296.856 269.53 -40.358
-317.212 253.39 -56.502
-361.316 208.2 -44.394
-356.227 183.99 -54.484
-364.709 188.832 -52.466
-357.923 175.921 -36.323
-357.923 175.921 -56.502
-361.316 182.377 -56.502
-361.316 188.832 -44.394
-361.316 185.604 -52.466
-352.834 180.763 -58.52
-369.797 174.307 -70.627
-344.353 192.06 -52.466
-385.064 137.186 -48.43
-373.19 109.749 -42.376
-393.546 80.698 -58.52
-383.368 51.646 -42.376
-402.028 4.842 -28.251
-391.85 -33.893 -32.287
-386.761 -96.837 -42.376
-368.101 -137.186 -48.43
-359.62 -161.395 -42.376
-332.478 -190.446 -62.556
-318.908 -232.409 -54.484
-307.034 -240.479 -44.394
-279.893 -272.758 -40.358
-273.107 -298.581 -56.502
-271.411 -293.739 -46.412
-256.144 -288.897 -36.323
-259.537 -298.581 -48.43
-266.322 -301.809 -36.323
-256.144 -288.897 -40.358
-206.951 -332.474 -46.412
-154.365 -350.227 -56.502
-122.135 -377.665 -58.52
-54.282 -406.716 -74.663
-20.356 -406.716 -78.699
0.0 -409.944 -70.627
33.926 -390.576 -66.592
59.371 -405.102 -60.538
74.638 -393.804 -66.592
100.083 -401.874 -68.609
79.727 -388.962 -72.645
52.586 -401.874 -48.43
0.0 -406.716 -62.556
-72.942 -392.19 -64.574
-149.276 -358.297 -66.592
-208.647 -324.404 -60.538
-254.448 -296.967 -66.592
-300.248 -246.935 -48.43
-318.908 -229.181 -58.52
-330.782 -201.744 -72.645
-347.745 -179.149 -56.502
-374.886 -130.73 -64.574
-357.923 -140.414 -52.466
-368.101 -182.377 -52.466
-322.301 -222.725 -58.52
-264.626 -271.144 -50.448
-215.432 -347.0 -68.609
-139.098 -358.297 -70.627
-62.764 -379.279 -72.645
3.393 -397.032 -58.52
52.586 -401.874 -52.466
67.853 -393.804 -54.484
79.727 -388.962 -44.394
69.549 -395.418 -60.538
84.816 -397.032 -58.52
96.69 -418.013 -60.538
78.031 -393.804 -66.592
91.601 -400.26 -54.484
139.098 -384.12 -42.376
174.721 -376.051 -52.466
188.291 -356.683 -44.394
252.752 -343.772 -48.43
281.589 -313.107 -46.412
256.144 -327.632 -48.43
210.344 -351.841 -46.412
142.491 -377.665 -50.448
91.601 -397.032 -58.52
76.334 -401.874 -44.394
91.601 -403.488 -62.556
72.942 -395.418 -44.394
76.334 -392.19 -52.466
72.942 -395.418 -44.394
84.816 -397.032 -42.376
81.423 -397.032 -54.484
3.393 -390.576 -66.592
-79.727 -376.051 -56.502
-156.061 -371.209 -66.592
-229.003 -314.721 -60.538
-279.893 -285.669 -52.466
-320.604 -211.428 -68.609
-351.138 -169.465 -68.609
-347.745 -179.149 -60.538
-340.96 -182.377 -56.502
-357.923 -185.604 -72.645
-330.782 -179.149 -60.538
-334.175 -198.516 -60.538
-364.709 -166.237 -64.574
-368.101 -108.135 -60.538
-402.028 -33.893 -68.609
-390.153 25.823 -62.556
-388.457 69.4 -64.574
-378.279 117.818 -72.645
-374.886 153.325 -64.574
-344.353 172.693 -64.574
-334.175 201.744 -68.609
-322.301 235.637 -66.592
-293.463 253.39 -80.717
-286.678 250.162 -68.609
-271.411 277.6 -62.556
-247.663 309.879 -62.556
-200.166 338.93 -74.663
-167.936 359.911 -56.502
-149.276 364.753 -34.305
-123.831 363.139 -68.609
-100.083 369.595 -48.43
-59.371 372.823 -40.358
-15.267 366.367 -40.358
-113.653 379.279 -44.394
-178.113 347.0 -72.645
-203.558 332.474 -70.627
-213.736 326.018 -70.627
-196.773 322.79 -78.699
-213.736 345.386 -70.627
-205.255 343.772 -64.574
-218.825 327.632 -68.609
-220.521 332.474 -82.735
-217.129 338.93 -82.735
-183.202 351.841 -46.412
-101.779 371.209 -62.556
-52.586 379.279 -76.681
-3.393 377.665 -50.448
11.874 372.823 -48.43
57.675 374.437 -30.269
88.209 364.753 -26.233
122.135 361.525 -42.376
159.454 351.841 -34.305
184.899 340.544 -44.394
189.988 329.246 -38.341
213.736 306.651 -34.305
251.055 300.195 -30.269
271.411 280.828 -22.197
276.5 266.302 -24.215
290.071 246.935 -44.394
329.086 238.865 -42.376
329.086 216.269 -50.448
356.227 209.814 -62.556
349.442 200.13 -66.592
352.834 196.902 -38.341
354.531 201.744 -56.502
356.227 187.218 -50.448
368.101 182.377 -52.466
381.672 130.73 -40.358
396.939 90.381 -50.448
408.813 24.209 -64.574
396.939 -9.684 -42.376
402.028 -56.488 -44.394
383.368 -80.698 -38.341
386.761 -96.837 -30.269
393.546 -119.432 -46.412
403.724 -145.256 -62.556
374.886 -166.237 -64.574
368.101 -192.06 -36.323
376.583 -206.586 -34.305
357.923 -208.2 -44.394
357.923 -204.972 -60.538
346.049 -219.497 -34.305
354.531 -230.795 -60.538
327.39 -266.302 -44.394
271.411 -296.967 -46.412
252.752 -324.404 -48.43
213.736 -345.386 -50.448
191.684 -366.367 -36.323
167.936 -372.823 -56.502
161.15 -356.683 -48.43
173.025 -355.069 -54.484
167.936 -376.051 -48.43
157.758 -366.367 -44.394
161.15 -385.734 -48.43
161.15 -382.506 -48.43
147.58 -372.823 -48.43
169.632 -371.209 -42.376
157.758 -372.823 -44.394
169.632 -377.665 -42.376
166.239 -374.437 -50.448
166.239 -377.665 -54.484
156.061 -384.12 -42.376
167.936 -382.506 -44.394
156.061 -380.893 -50.448
161.15 -372.823 -52.466
152.669 -377.665 -38.341
171.328 -385.734 -28.251
152.669 -380.893 34.305
159.454 -374.437 54.484
164.543 -372.823 113.004
156.061 -367.981 143.273
171.328 -347.0 181.613
183.202 -319.562 211.882
171.328 -311.493 242.151
152.669 -271.144 300.671
178.113 -250.162 322.868
162.847 -222.725 353.137
174.721 -201.744 363.226
186.595 -158.167 361.208
179.81 -122.66 389.459
186.595 -93.609 357.173
181.506 -62.944 383.406
181.506 -43.577 391.477
184.899 -17.753 395.513
173.025 12.912 393.495
152.669 41.963 385.424
156.061 29.051 377.352
152.669 61.33 361.208
183.202 67.786 357.173
157.758 79.084 351.119
149.276 122.66 353.137
140.794 146.87 330.94
167.936 185.604 298.653
174.721 192.06 278.474
162.847 203.358 256.276
189.988 242.093 215.918
195.077 253.39 185.649
181.506 266.302 153.362
179.81 277.6 119.058
183.202 290.511 110.986
186.595 277.6 74.663
191.684 285.669 84.753
201.862 292.125 72.645
171.328 305.037 20.179
186.595 319.562 -62.556
191.684 314.721 -137.219
166.239 303.423 -211.882
166.239 280.828 -240.133
184.899 243.707 -270.402
183.202 238.865 -300.671
191.684 195.288 -347.083
206.951 151.711 -373.316
203.558 129.116 -377.352
222.218 101.679 -407.621
212.04 82.312 -403.585
217.129 74.242 -413.675
235.788 33.893 -399.549
220.521 51.646 -389.459
217.129 32.279 -413.675
217.129 -3.228 -393.495
225.61 -20.981 -383.406
232.396 -33.893 -403.585
212.04 -46.805 -375.334
203.558 -77.47 -417.71
176.417 -54.874 -417.71
189.988 -54.874 -417.71
191.684 -66.172 -427.8
176.417 -48.419 -405.603
184.899 -17.753 -439.908
171.328 -40.349 -435.872
183.202 -67.786 -417.71
174.721 -111.363 -407.621
186.595 -148.484 -373.316
200.166 -200.13 -332.958
212.04 -240.479 -286.545
198.469 -263.074 -242.151
193.38 -303.423 -183.631
196.773 -293.739 -167.488
205.255 -321.176 -125.111
212.04 -340.544 -108.968
206.951 -338.93 -54.484
206.951 -355.069 -18.161
198.469 -350.227 28.251
174.721 -356.683 100.896
188.291 -353.455 108.968
205.255 -347.0 -0.0
215.432 -317.948 -113.004
206.951 -296.967 -199.775
208.647 -263.074 -258.294
184.899 -221.111 -314.796
174.721 -169.465 -379.37
181.506 -117.818 -391.477
181.506 -79.084 -411.657
193.38 -58.102 -429.818
184.899 -43.577 -415.692
198.469 -14.526 -415.692
215.432 -30.665 -407.621
205.255 -1.614 -423.764
208.647 -20.981 -415.692
203.558 3.228 -409.639
205.255 -4.842 -403.585
215.432 -11.298 -403.585
205.255 8.07 -411.657
220.521 0.0 -405.603
203.558 25.823 -417.71
186.595 64.558 -425.782
188.291 85.539 -395.513
196.773 154.939 -401.567
188.291 234.023 -318.832
166.239 267.916 -248.205
150.972 317.948 -177.577
171.328 334.088 -88.789
142.491 316.334 -10.09
130.617 301.809 76.681
125.528 300.195 147.308
110.261 263.074 197.757
125.528 238.865 228.025
103.475 214.656 270.402
132.313 187.218 304.707
156.061 145.256 336.993
147.58 114.591 343.047
164.543 91.995 367.262
152.669 48.419 369.28
156.061 32.279 369.28
161.15 1.614 383.406
159.454 -32.279 385.424
174.721 -43.577 391.477
157.758 -59.716 375.334
178.113 -82.312 383.406
191.684 -121.046 367.262
188.291 -172.693 359.191
169.632 -183.99 381.388
166.239 -222.725 316.814
174.721 -272.758 278.474
196.773 -313.107 207.846
195.077 -343.772 149.326
203.558 -348.613 78.699
203.558 -351.841 14.125
196.773 -345.386 -78.699
198.469 -327.632 -121.075
201.862 -301.809 -161.434
195.077 -288.897 -221.972
188.291 -266.302 -250.223
183.202 -216.269 -304.707
176.417 -193.674 -349.101
181.506 -133.958 -383.406
167.936 -98.451 -415.692
169.632 -67.786 -421.746
157.758 -53.26 -435.872
178.113 -56.488 -431.836
203.558 -48.419 -417.71
176.417 -22.595 -425.782
183.202 9.684 -425.782
186.595 29.051 -417.71
183.202 64.558 -445.961
189.988 64.558 -425.782
213.736 67.786 -413.675
222.218 88.767 -395.513
229.003 104.907 -383.406
237.485 129.116 -365.244
227.307 135.572 -353.137
220.521 164.623 -357.173
213.736 206.586 -308.742
213.736 242.093 -244.169
198.469 272.758 -209.864
215.432 285.669 -153.362
208.647 295.353 -100.896
210.344 284.055 -18.161
196.773 290.511 38.341
213.736 267.916 86.771
205.255 243.707 129.147
223.914 235.637 151.344
225.61 211.428 205.828
225.61 182.377 234.079
218.825 153.325 254.258
227.307 106.521 296.635
210.344 83.925 324.886
247.663 51.646 361.208
230.699 -3.228 353.137
234.092 3.228 365.244
244.27 -29.051 357.173
234.092 -38.735 349.101
251.055 -51.646 336.993
235.788 -69.4 334.975
206.951 -96.837 353.137
217.129 -80.698 345.065
232.396 -95.223 347.083
227.307 -112.977 349.101
213.736 -148.484 336.993
193.38 -183.99 316.814
183.202 -242.093 320.85
184.899 -253.39 302.689
210.344 -264.688 264.348
201.862 -298.581 213.9
222.218 -317.948 177.577
232.396 -311.493 149.326
212.04 -330.86 108.968
227.307 -335.702 78.699
230.699 -326.018 50.448
222.218 -324.404 -48.43
212.04 -321.176 -92.825
237.485 -332.474 -66.592
232.396 -350.227 36.323
218.825 -321.176 129.147
217.129 -287.283 211.882
230.699 -183.99 288.563
220.521 -135.572 353.137
215.432 -72.628 351.119
230.699 -22.595 349.101
225.61 -1.614 351.119
227.307 38.735 324.886
225.61 53.26 334.975
217.129 54.874 324.886
227.307 90.381 316.814
220.521 109.749 300.671
215.432 111.363 318.832
206.951 112.977 308.742
189.988 116.204 332.958
171.328 127.502 310.76
173.025 142.028 324.886
186.595 145.256 304.707
186.595 164.623 296.635
193.38 171.079 288.563
181.506 204.972 254.258
167.936 217.883 230.043
171.328 250.162 181.613
195.077 292.125 100.896
188.291 301.809 -4.036
189.988 319.562 -54.484
193.38 303.423 -119.058
189.988 296.967 -187.667
188.291 269.53 -250.223
171.328 237.251 -314.796
193.38 193.674 -332.958
186.595 174.307 -332.958
198.469 153.325 -375.334
196.773 129.116 -389.459
203.558 119.432 -377.352
201.862 104.907 -407.621
220.521 61.33 -401.567
206.951 -3.228 -405.603
203.558 -67.786 -405.603
205.255 -143.642 -371.298
218.825 -217.883 -274.438
242.574 -263.074 -197.757
239.181 -314.721 -96.86
223.914 -319.562 -62.556
225.61 -321.176 -8.072
213.736 -345.386 26.233
208.647 -334.088 52.466
203.558 -348.613 54.484
212.04 -340.544 44.394
213.736 -335.702 50.448
220.521 -326.018 94.842
227.307 -319.562 143.273
230.699 -280.828 207.846
220.521 -245.321 256.276
230.699 -196.902 312.778
205.255 -166.237 347.083
206.951 -106.521 365.244
183.202 -48.419 353.137
210.344 -16.14 357.173
196.773 16.14 353.137
176.417 54.874 361.208
184.899 79.084 339.011
188.291 20.981 371.298
178.113 -104.907 379.37
159.454 -161.395 377.352
174.721 -263.074 290.581
188.291 -324.404 201.792
179.81 -345.386 82.735
198.469 -353.455 16.143
186.595 -355.069 -6.054
193.38 -338.93 -46.412
200.166 -358.297 -38.341
203.558 -345.386 2.018
195.077 -353.455 52.466
181.506 -356.683 72.645
161.15 -366.367 100.896
128.92 -367.981 82.735
127.224 -379.279 100.896
159.454 -374.437 78.699
132.313 -384.12 106.95
139.098 -387.348 94.842
139.098 -371.209 86.771
122.135 -387.348 102.914
123.831 -366.367 96.86
120.439 -369.595 104.932
115.35 -377.665 106.95
117.046 -376.051 104.932
113.653 -372.823 133.183
108.564 -377.665 159.416
98.386 -358.297 147.308
83.12 -366.367 169.506
71.245 -380.893 151.344
55.979 -382.506 157.398
61.067 -384.12 131.165
47.497 -384.12 155.38
52.586 -385.734 137.219
57.675 -384.12 127.129
16.963 -367.981 147.308
3.393 -361.525 159.416
-15.267 -356.683 161.434
-22.052 -366.367 185.649
-30.534 -367.981 155.38
-54.282 -364.753 147.308
-66.156 -379.279 137.219
-88.209 -361.525 115.022
-83.12 -366.367 117.04
-94.994 -367.981 115.022
-83.12 -353.455 108.968
-89.905 -359.911 108.968
-103.475 -359.911 76.681
-106.868 -372.823 48.43
-105.172 -364.753 54.484
-130.617 -350.227 44.394
-123.831 -337.316 12.108
-140.794 -337.316 -52.466
-134.009 -337.316 -60.538
-122.135 -329.246 -54.484
-134.009 -327.632 -96.86
-128.92 -322.79 -110.986
-130.617 -321.176 -121.075
-106.868 -324.404 -141.255
-94.994 -322.79 -163.452
-79.727 -327.632 -173.542
-78.031 -335.702 -171.524
-76.334 -330.86 -193.721
-55.979 -321.176 -197.757
-27.141 -326.018 -207.846
-5.089 -330.86 -209.864
16.963 -322.79 -244.169
40.712 -322.79 -248.205
47.497 -313.107 -232.061
74.638 -319.562 -211.882
81.423 -329.246 -236.097
111.957 -326.018 -215.918
115.35 -332.474 -187.667
140.794 -330.86 -157.398
156.061 -332.474 -147.308
154.365 -343.772 -149.326
164.543 -347.0 -104.932
164.543 -343.772 -108.968
171.328 -347.0 -80.717
174.721 -340.544 -76.681
159.454 -351.841 -62.556
167.936 -359.911 -64.574
174.721 -359.911 -24.215
174.721 -356.683 4.036
176.417 -371.209 18.161
162.847 -371.209 46.412
152.669 -371.209 70.627
147.58 -376.051 68.609
144.187 -359.911 68.609
132.313 -374.437 74.663
147.58 -369.595 80.717
145.883 -367.981 90.807
134.009 -366.367 80.717
132.313 -371.209 98.878
144.187 -379.279 84.753
117.046 -366.367 104.932
115.35 -384.12 115.022
81.423 -377.665 139.237
49.193 -376.051 161.434
39.015 -379.279 185.649
-10.178 -371.209 195.739
-13.571 -358.297 191.703
-1.696 -366.367 197.757
37.319 -371.209 163.452
103.475 -376.051 157.398
127.224 -363.139 100.896
156.061 -367.981 98.878
176.417 -345.386 18.161
189.988 -338.93 -26.233
181.506 -340.544 -64.574
178.113 -330.86 -100.896
178.113 -334.088 -113.004
166.239 -322.79 -139.237
167.936 -340.544 -141.255
139.098 -326.018 -155.38
132.313 -332.474 -163.452
118.742 -332.474 -175.559
178.113 -334.088 129.147
118.742 -119.432 385.424
96.69 -140.414 363.226
27.141 -167.851 389.459
35.623 -150.097 399.549
20.356 -135.572 401.567
20.356 -145.256 421.746
5.089 -137.186 407.621
20.356 -135.572 405.603
18.66 -146.87 403.585
20.356 -142.028 405.603
20.356 -145.256 405.603
27.141 -129.116 401.567
10.178 -135.572 409.639
0.0 -154.939 409.639
3.393 -151.711 409.639
3.393 -148.484 409.639
-15.267 -143.642 415.692
15.267 -172.693 411.657
27.141 -216.269 381.388
67.853 -232.409 353.137
88.209 -290.511 320.85
105.172 -322.79 284.527
81.423 -358.297 211.882
79.727 -366.367 165.47
88.209 -361.525 203.81
76.334 -359.911 193.721
89.905 -359.911 185.649
110.261 -366.367 149.326
173.025 -374.437 42.376
183.202 -358.297 -10.09
171.328 -343.772 -40.358
186.595 -335.702 -131.165
169.632 -303.423 -167.488
154.365 -324.404 -173.542
147.58 -330.86 -177.577
134.009 -321.176 -193.721
137.402 -324.404 -201.792
96.69 -324.404 -217.936
91.601 -303.423 -215.918
76.334 -324.404 -234.079
86.512 -317.948 -246.187
57.675 -319.562 -240.133
-5.089 -334.088 -230.043
-76.334 -340.544 -217.936
-100.083 -324.404 -185.649
-100.083 -334.088 -161.434
-108.564 -322.79 -119.058
-161.15 -324.404 -84.753
-156.061 -338.93 -14.125
-157.758 -330.86 -4.036
-134.009 -343.772 32.287
-130.617 -347.0 56.502
-115.35 -348.613 78.699
-113.653 -350.227 64.574
-110.261 -340.544 88.789
-89.905 -356.683 84.753
-106.868 -356.683 100.896
-79.727 -356.683 149.326
-79.727 -363.139 149.326
-72.942 -347.0 169.506
-35.623 -350.227 226.008
-39.015 -353.455 217.936
-23.748 -348.613 244.169
-3.393 -348.613 228.025
-23.748 -355.069 248.205
-8.482 -359.911 238.115
11.874 -353.455 270.402
0.0 -345.386 248.205
-3.393 -355.069 268.384
6.785 -348.613 260.312
0.0 -355.069 264.348
1.696 -353.455 246.187
1.696 -347.0 234.079
27.141 -332.474 203.81
91.601 -335.702 232.061
145.883 -319.562 219.954
189.988 -293.739 171.524
244.27 -303.423 131.165
223.914 -319.562 123.093
201.862 -340.544 117.04
176.417 -351.841 102.914
184.899 -356.683 80.717
181.506 -366.367 96.86
200.166 -355.069 54.484
208.647 -347.0 20.179
227.307 -335.702 -30.269
210.344 -326.018 -46.412
222.218 -330.86 -96.86
179.81 -326.018 -123.093
186.595 -316.334 -171.524
147.58 -321.176 -201.792
156.061 -316.334 -207.846
142.491 -319.562 -191.703
115.35 -335.702 -215.918
74.638 -335.702 -219.954
78.031 -326.018 -232.061
81.423 -319.562 -219.954
61.067 -345.386 -223.99
69.549 -327.632 -234.079
66.156 -334.088 -238.115
54.282 -329.246 -232.061
30.534 -322.79 -219.954
6.785 -342.158 -228.025
0.0 -338.93 -228.025
-25.445 -311.493 -258.294
-20.356 -309.879 -223.99
-45.801 -327.632 -221.972
-66.156 -347.0 -177.577
-113.653 -340.544 -108.968
-130.617 -340.544 -72.645
-137.402 -340.544 -60.538
-128.92 -358.297 -30.269
-125.528 -351.841 -2.018
-125.528 -345.386 -22.197
-122.135 -335.702 -82.735
-96.69 -327.632 -181.613
-39.015 -324.404 -238.115
6.785 -313.107 -240.133
42.408 -317.948 -254.258
62.764 -327.632 -270.402
111.957 -322.79 -236.097
120.439 -330.86 -217.936
139.098 -342.158 -179.595
164.543 -327.632 -149.326
164.543 -350.227 -117.04
181.506 -337.316 -84.753
169.632 -364.753 -82.735
152.669 -355.069 -82.735
161.15 -347.0 -80.717
159.454 -348.613 -82.735
140.794 -340.544 -72.645
127.224 -363.139 -80.717
135.706 -367.981 -78.699
167.936 -353.455 -76.681
154.365 -359.911 -40.358
167.936 -350.227 -92.825
169.632 -351.841 -62.556
181.506 -356.683 -32.287
149.276 -361.525 50.448
161.15 -372.823 32.287
178.113 -369.595 56.502
167.936 -369.595 88.789
123.831 -385.734 125.111
98.386 -367.981 119.058
74.638 -374.437 135.201
42.408 -369.595 149.326
28.837 -376.051 108.968
0.0 -364.753 143.273
-16.963 -364.753 159.416
-40.712 -387.348 139.237
-52.586 -376.051 133.183
-62.764 -363.139 141.255
-78.031 -364.753 115.022
-93.298 -356.683 96.86
-113.653 -334.088 80.717
-110.261 -334.088 68.609
-127.224 -334.088 88.789
-110.261 -334.088 92.825
-96.69 -334.088 88.789
-122.135 -332.474 86.771
-135.706 -335.702 58.52
-150.972 -334.088 40.358
-162.847 -351.841 26.233
-169.632 -338.93 6.054
-166.239 -309.879 -30.269
-150.972 -343.772 -48.43
-139.098 -332.474 -98.878
-135.706 -335.702 -102.914
-135.706 -326.018 -115.022
-134.009 -327.632 -125.111
-111.957 -326.018 -155.38
-101.779 -326.018 -155.38
-89.905 -330.86 -185.649
-61.067 -319.562 -215.918
-11.874 -314.721 -242.151
30.534 -296.967 -272.42
61.067 -306.651 -276.456
127.224 -308.265 -250.223
184.899 -295.353 -193.721
183.202 -303.423 -183.631
184.899 -324.404 -169.506
200.166 -303.423 -119.058
193.38 -326.018 -147.308
188.291 -334.088 -125.111
201.862 -337.316 -88.789
198.469 -353.455 -36.323
179.81 -345.386 -46.412
191.684 -356.683 64.574
183.202 -342.158 163.452
178.113 -292.125 254.258
169.632 -248.549 316.814
147.58 -221.111 347.083
161.15 -163.009 371.298
173.025 -122.66 373.316
162.847 -83.925 369.28
169.632 -38.735 381.388
171.328 33.893 355.155
186.595 106.521 328.922
178.113 159.781 270.402
179.81 229.181 195.739
174.721 269.53 108.968
179.81 287.283 38.341
167.936 311.493 -36.323
166.239 300.195 -119.058
166.239 287.283 -223.99
171.328 234.023 -302.689
195.077 182.377 -343.047
183.202 135.572 -381.388
181.506 79.084 -411.657
173.025 58.102 -397.531
178.113 24.209 -435.872
166.239 -22.595 -417.71
152.669 -77.47 -417.71
173.025 -116.204 -393.495
198.469 -185.604 -318.832
218.825 -217.883 -266.366
234.092 -229.181 -232.061
235.788 -269.53 -165.47
239.181 -292.125 -88.789
230.699 -332.474 -46.412
223.914 -351.841 -2.018
203.558 -345.386 -14.125
220.521 -316.334 -94.842
215.432 -330.86 -72.645
222.218 -327.632 -36.323
196.773 -358.297 30.269
171.328 -376.051 80.717
145.883 -361.525 123.093
137.402 -359.911 125.111
166.239 -361.525 74.663
184.899 -359.911 4.036
201.862 -347.0 -52.466
208.647 -334.088 -40.358
196.773 -338.93 -34.305
147.58 -382.506 -36.323
62.764 -382.506 -40.358
25.445 -392.19 -20.179
5.089 -385.734 -36.323
-8.482 -359.911 -36.323
-22.052 -369.595 -28.251
-18.66 -379.279 -8.072
-20.356 -380.893 -6.054
-33.926 -377.665 26.233
-39.015 -369.595 -0.0
-49.193 -395.418 -16.143
-79.727 -359.911 -44.394
-139.098 -342.158 -38.341
-167.936 -321.176 -48.43
-230.699 -293.739 -70.627
-290.07 -237.251 -96.86
-325.693 -151.711 -82.735
-322.301 -145.256 -50.448
-361.316 -56.488 -92.825
-357.923 -4.842 -80.717
-349.442 0.0 -66.592
-344.353 24.209 -52.466
-352.834 19.367 -6.054
-339.264 12.912 14.125
-335.871 41.963 14.125
-318.908 54.874 10.09
-308.73 64.558 22.197
-313.819 85.539 -8.072
-290.07 124.274 4.036
-284.982 158.167 -14.125
-266.322 192.06 -44.394
-247.663 180.763 -18.161
-237.485 209.814 -38.341
-220.521 209.814 -50.448
-212.04 237.251 -48.43
-195.077 259.846 -68.609
-193.38 271.144 -42.376
-179.81 271.144 -46.412
-159.454 287.283 -34.305
-105.172 313.107 -42.376
-74.638 338.93 -58.52
-50.89 338.93 -54.484
-39.015 347.0 -52.466
-22.052 347.0 -56.502
-20.356 358.297 -46.412
-6.785 342.158 -22.197
-10.178 348.613 -18.161
3.393 342.158 -10.09
8.482 350.227 -32.287
27.141 367.981 -10.09
45.801 343.772 -24.215
47.497 355.069 -26.233
62.764 353.455 -32.287
55.979 353.455 -24.215
59.371 334.088 8.072
74.638 351.841 -38.341
169.632 306.651 -82.735
203.558 287.283 -86.771
273.107 243.707 -96.86
317.212 185.604 -100.896
344.353 127.502 -84.753
379.975 29.051 -78.699
366.405 -64.558 -110.986
364.709 -159.781 -108.968
320.604 -230.795 -121.075
271.411 -274.372 -159.416
213.736 -293.739 -183.631
162.847 -319.562 -223.99
76.334 -308.265 -270.402
78.031 -329.246 -228.025
205.255 -330.86 -100.896
323.997 -243.707 16.143
368.101 -59.716 48.43
364.709 79.084 -0.0
369.797 -109.749 -70.627
262.929 -288.897 -141.255
57.675 -351.841 -179.595
-5.089 -363.139 -177.577
210.344 -348.613 -42.376
346.049 -142.028 18.161
369.797 -58.102 -58.52
323.997 -143.642 -177.577
223.914 -255.004 -236.097
134.009 -321.176 -185.649
61.067 -342.158 -159.416
74.638 -377.665 -123.093
171.328 -353.455 -44.394
323.997 -217.883 52.466
369.797 -112.977 -66.592
339.264 -119.432 -191.703
232.396 -234.023 -250.223
96.69 -314.721 -246.187
22.052 -347.0 -173.542
5.089 -343.772 -153.362
149.276 -361.525 -54.484
300.248 -253.39 16.143
364.709 -91.995 -48.43
339.264 -77.47 -207.846
256.144 -166.237 -282.509
122.135 -284.055 -256.276
-16.963 -345.386 -195.739
-42.408 -340.544 -177.577
16.963 -364.753 -159.416
188.291 -356.683 -16.143
318.908 -235.637 50.448
361.316 -108.135 -24.215
342.656 -90.381 -179.595
273.107 -143.642 -274.438
108.564 -271.144 -328.922
-27.141 -316.334 -211.882
-96.69 -343.772 -137.219
-162.847 -326.018 -102.914
-125.528 -329.246 -143.273
20.356 -367.981 -110.986
279.893 -301.809 -4.036
354.531 -150.097 -20.179
344.353 -101.679 -189.685
249.359 -124.274 -306.725
122.135 -245.321 -296.635
20.356 -335.702 -228.025
-25.445 -366.367 -141.255
-78.031 -358.297 -106.95
-88.209 -348.613 -102.914
-62.764 -353.455 -145.291
23.748 -364.753 -131.165
139.098 -371.209 -74.663
196.773 -348.613 -42.376
220.521 -326.018 -46.412
239.181 -317.948 -48.43
212.04 -317.948 -60.538
225.61 -321.176 -48.43
213.736 -342.158 -18.161
203.558 -351.841 34.305
152.669 -361.525 46.412
118.742 -371.209 62.556
81.423 -374.437 62.556
81.423 -390.576 110.986
94.994 -364.753 143.273
137.402 -334.088 189.685
232.396 -275.986 193.721
293.463 -256.618 92.825
296.856 -250.162 -40.358
252.752 -263.074 -161.434
149.276 -313.107 -215.918
49.193 -337.316 -213.9
-28.837 -363.139 -177.577
-59.371 -366.367 -137.219
-72.942 -372.823 -117.04
-61.067 -400.26 22.197
-11.874 -363.139 181.613
101.779 -306.651 292.599
235.788 -253.39 230.043
342.656 -167.851 102.914
356.227 -154.939 -58.52
329.086 -167.851 -179.595
256.144 -208.2 -238.115
137.402 -279.214 -258.294
-3.393 -342.158 -191.703
-81.423 -374.437 -135.201
-78.031 -374.437 -58.52
-101.779 -361.525 -6.054
-100.083 -363.139 40.358
-84.816 -371.209 94.842
-23.748 -377.665 171.524
44.104 -371.209 171.524
111.957 -345.386 219.954
193.38 -306.651 215.918
268.018 -284.055 78.699
307.034 -240.479 -84.753
245.966 -230.795 -221.972
125.528 -267.916 -288.563
0.0 -303.423 -264.348
-49.193 -343.772 -193.721
-61.067 -364.753 -86.771
-69.549 -376.051 -8.072
-57.675 -377.665 131.165
25.445 -314.721 302.689
164.543 -192.06 363.226
278.196 -112.977 288.563
363.012 -71.014 123.093
364.709 -101.679 -12.108
347.745 -133.958 -121.075
284.982 -187.218 -236.097
123.831 -272.758 -278.474
-27.141 -319.562 -260.312
-91.601 -329.246 -236.097
-137.402 -343.772 -96.86
-132.313 -364.753 34.305
-86.512 -337.316 230.043
-16.963 -267.916 349.101
89.905 -227.567 387.441
166.239 -209.814 332.958
276.5 -179.149 254.258
359.62 -142.028 102.914
364.709 -150.097 -56.502
313.819 -172.693 -173.542
242.574 -211.428 -278.474
120.439 -263.074 -302.689
-52.586 -282.441 -298.653
-142.491 -290.511 -256.276
-178.113 -279.214 -197.757
-178.113 -330.86 -64.574
-150.972 -356.683 92.825
-39.015 -292.125 314.796
111.957 -187.218 373.316
189.988 -145.256 345.065
303.641 -95.223 266.366
395.242 -79.084 100.896
371.494 -95.223 -121.075
305.337 -132.344 -211.882
266.322 -198.516 -274.438
110.261 -321.176 -238.115
-6.785 -309.879 -276.456
-106.868 -298.581 -242.151
-154.365 -288.897 -221.972
-179.81 -290.511 -175.559
-169.632 -338.93 -30.269
-130.617 -337.316 209.864
16.963 -264.688 377.352
100.083 -211.428 379.37
210.344 -177.535 308.742
300.248 -185.604 209.864
339.264 -213.042 50.448
291.767 -255.004 -98.878
225.61 -275.986 -238.115
125.528 -277.6 -260.312
-15.267 -305.037 -266.366
-132.313 -287.283 -256.276
-179.81 -258.232 -276.456
-169.632 -309.879 -171.524
-147.58 -356.683 36.323
-11.874 -311.493 314.796
117.046 -208.2 363.226
201.862 -195.288 343.047
310.426 -163.009 217.936
378.279 -169.465 40.358
315.515 -206.586 -131.165
235.788 -256.618 -238.115
100.083 -292.125 -282.509
20.356 -300.195 -288.563
-45.801 -301.809 -270.402
-98.386 -300.195 -252.241
-66.156 -317.948 -226.008
78.031 -361.525 -143.273
249.359 -308.265 -68.609
344.353 -224.339 -40.358
369.797 -109.749 -34.305
383.368 6.456 -46.412
349.442 100.065 -26.233
361.316 114.591 -12.108
361.316 33.893 -28.251
391.85 -108.135 -36.323
327.39 -208.2 -72.645
245.966 -298.581 -76.681
142.491 -361.525 -82.735
42.408 -376.051 -92.825
-39.015 -369.595 -104.932
-130.617 -347.0 -100.896
-217.129 -296.967 -82.735
-257.84 -229.181 -135.201
-286.678 -198.516 -165.47
-247.663 -258.232 -159.416
-117.046 -356.683 -104.932
44.104 -393.804 -10.09
195.077 -356.683 48.43
279.893 -259.846 72.645
347.745 -195.288 68.609
361.316 -111.363 60.538
373.19 -41.963 78.699
386.761 -16.14 50.448
386.761 -103.293 50.448
337.567 -217.883 32.287
252.752 -305.037 8.072
118.742 -377.665 14.125
-25.445 -382.506 -12.108
-127.224 -337.316 -52.466
-154.365 -363.139 -60.538
-67.853 -374.437 -18.161
20.356 -400.26 98.878
110.261 -356.683 197.757
196.773 -242.093 304.707
235.788 -133.958 310.76
240.877 -22.595 296.635
251.055 71.014 268.384
262.929 143.642 197.757
235.788 192.06 125.111
235.788 234.023 60.538
232.396 266.302 -20.179
230.699 264.688 -102.914
230.699 245.321 -151.344
256.144 211.428 -221.972
251.055 187.218 -260.312
264.626 132.344 -292.599
259.537 108.135 -294.617
281.589 106.521 -304.707
271.411 74.242 -304.707
295.159 87.153 -296.635
283.285 88.767 -306.725
279.893 101.679 -310.76
284.982 90.381 -288.563
307.034 98.451 -290.581
296.856 140.414 -270.402
257.84 180.763 -195.739
240.877 229.181 -175.559
244.27 258.232 -143.273
230.699 248.549 -106.95
254.448 213.042 66.591
189.988 61.33 336.993
218.825 -37.121 347.083
242.574 -111.363 318.832
251.055 -200.13 256.276
284.982 -251.776 151.344
286.678 -279.214 76.681
271.411 -293.739 -58.52
232.396 -282.441 -173.542
195.077 -292.125 -226.008
205.255 -269.53 -201.792
291.767 -251.776 -110.986
352.834 -177.535 38.341
359.62 -83.925 135.201
301.945 -51.646 244.169
239.181 -50.032 318.832
198.469 -130.73 359.191
101.779 -300.195 304.707
27.141 -384.12 127.129
37.319 -393.804 -46.412
79.727 -382.506 -92.825
157.758 -347.0 -48.43
186.595 -371.209 2.018
195.077 -363.139 20.179
225.61 -327.632 4.036
230.699 -313.107 6.054
225.61 -334.088 -68.609
117.046 -363.139 -96.86
-15.267 -366.367 -141.255
-142.491 -329.246 -139.237
-10.178 -384.12 -106.95
259.537 -324.404 8.072
378.279 -114.591 -12.108
346.049 -154.939 -98.878
237.485 -277.6 -159.416
57.675 -358.297 -175.559
-64.46 -342.158 -203.81
22.052 -369.595 -141.255
256.144 -330.86 -8.072
368.101 -130.73 8.072
374.886 -79.084 -121.075
264.626 -229.181 -203.81
16.963 -348.613 -187.667
-156.061 -300.195 -159.416
-120.439 -308.265 -185.649
94.994 -364.753 -110.986
307.034 -259.846 24.215
374.886 -85.539 -68.609
303.641 -179.149 -185.649
149.276 -313.107 -207.846
-76.334 -356.683 -133.183
-201.862 -292.125 -145.291
-115.35 -335.702 -183.631
91.601 -367.981 -82.735
301.945 -264.688 -2.018
344.353 -127.502 -145.291
217.129 -267.916 -215.918
-27.141 -361.525 -110.986
-186.595 -309.879 -102.914
-227.307 -248.549 -147.308
-88.209 -348.613 -155.38
191.684 -337.316 -76.681
364.709 -153.325 -60.538
374.886 30.665 -32.287
344.353 156.553 16.143
364.709 114.591 4.036
366.405 -125.888 -18.161
229.003 -321.176 -64.574
11.874 -366.367 -125.111
-156.061 -313.107 -127.129
-247.663 -255.004 -119.058
-203.558 -277.6 -135.201
-10.178 -374.437 -78.699
142.491 -361.525 -30.269
174.721 -363.139 -28.251
196.773 -345.386 -22.197
181.506 -356.683 -12.108
159.454 -367.981 -34.305
150.972 -376.051 -80.717
156.061 -367.981 -78.699
149.276 -361.525 -102.914
139.098 -355.069 -135.201
125.528 -358.297 -127.129
159.454 -371.209 -98.878
164.543 -356.683 -113.004
154.365 -350.227 -133.183
183.202 -367.981 -106.95
196.773 -361.525 -90.807
178.113 -376.051 -64.574
195.077 -363.139 -72.645
189.988 -371.209 -74.663
173.025 -351.841 -58.52
193.38 -367.981 -74.663
196.773 -361.525 -94.842
186.595 -367.981 -62.556
193.38 -361.525 -62.556
181.506 -369.595 -56.502
186.595 -377.665 -74.663
179.81 -367.981 -70.627
186.595 -384.12 -66.592
179.81 -371.209 -70.627
186.595 -377.665 -62.556
191.684 -369.595 -68.609
179.81 -374.437 -58.52
