-227.78
-218.6
-231.46
-229.62
-157.98
75.32
218.6
220.44
161.65
-64.29
-165.33
-189.21
-211.25
-198.39
-150.63
-165.33
-170.84
-86.34
-5.51
112.06
207.58
259.01
84.5
-141.45
-174.51
-249.83
18.37
266.36
220.44
5.51
-167.16
-220.44
-235.13
-203.9
-198.39
-135.94
-49.6
112.06
192.88
-198.39
-213.09
-22.04
225.95
214.93
-47.76
-174.51
-145.12
-187.37
-191.05
-178.19
-194.72
-180.02
-176.35
-181.86
-189.21
-185.53
-159.82
-150.63
-183.7
-196.56
-218.6
-198.39
-185.53
-150.63
-157.98
-154.31
-196.56
-222.27
-202.07
-273.71
-176.35
-170.84
-31.23
75.32
-121.24
-84.5
-75.32
-62.46
-108.38
-194.72
-49.6
80.83
-7.35
-121.24
-121.24
-78.99
-225.95
-216.76
-172.68
45.92
-80.83
-123.08
-56.95
-145.12
-242.48
-139.61
101.03
-34.9
-126.75
-152.47
-113.89
-214.93
-121.24
-51.44
-27.55
-249.83
-220.44
-187.37
-202.07
-159.82
-82.66
-150.63
-196.56
-58.78
231.46
301.26
134.1
80.83
-36.74
25.72
-78.99
-235.13
-148.79
202.07
16.53
-126.75
-88.17
-64.29
-253.5
-86.34
194.72
106.54
-60.62
-77.15
-44.09
-93.69
-159.82
-196.56
-14.7
67.97
42.25
56.95
47.76
-124.91
-227.78
-150.63
60.62
-12.86
-90.01
-113.89
-202.07
40.41
-36.74
-117.57
-29.39
56.95
40.41
62.46
-69.8
-268.2
-203.9
31.23
-139.61
-7.35
53.27
130.43
-29.39
-80.83
-181.86
-137.77
-146.96
-139.61
-71.64
-172.68
-238.81
-176.35
-135.94
-84.5
-113.89
-84.5
-88.17
-130.43
-183.7
-117.57
-67.97
-194.72
29.39
-38.58
-121.24
123.08
-112.06
-150.63
-123.08
-126.75
80.83
-143.28
-49.6
53.27
9.18
121.24
169.0
218.6
240.64
-139.61
-211.25
27.55
257.18
264.52
-211.25
-191.05
185.53
154.31
-64.29
-222.27
-167.16
-117.57
-42.25
60.62
374.74
99.2
84.5
-102.87
-25.72
-194.72
66.13
145.12
-88.17
-69.8
-163.49
-45.92
11.02
-84.5
-93.69
-45.92
178.19
281.06
-14.7
-264.52
-97.36
134.1
235.13
-139.61
-236.97
-71.64
156.14
44.09
-145.12
-124.91
108.38
66.13
-20.21
-95.52
202.07
-75.32
-224.11
-31.23
130.43
9.18
-108.38
-73.48
49.6
45.92
1.84
-112.06
-22.04
22.04
14.7
141.45
196.56
-47.76
-266.36
-178.19
55.11
233.3
266.36
34.9
-209.41
-130.43
150.63
183.7
-22.04
-165.33
-58.78
-249.83
-82.66
174.51
-192.88
97.36
99.2
-42.25
-224.11
73.48
106.54
-53.27
-104.71
-180.02
-64.29
139.61
148.79
141.45
20.21
-75.32
-62.46
-112.06
-7.35
-112.06
180.02
-12.86
-233.3
-154.31
73.48
-3.67
-123.08
-11.02
-141.45
86.34
174.51
271.87
281.06
310.45
281.06
178.19
-137.77
-192.88
-47.76
148.79
251.67
192.88
-67.97
-123.08
-180.02
-253.5
-20.21
51.44
38.58
-124.91
-209.41
90.01
121.24
-22.04
-36.74
-240.64
-11.02
9.18
56.95
86.34
203.9
174.51
146.96
233.3
246.15
165.33
-139.61
-25.72
47.76
-112.06
-216.76
-145.12
-104.71
-326.98
3.67
-126.75
312.29
165.33
-200.23
-104.71
-69.8
-189.21
75.32
159.82
-110.22
-224.11
42.25
95.52
-134.1
-31.23
-181.86
135.94
78.99
-99.2
-88.17
-55.11
185.53
181.86
271.87
202.07
308.61
157.98
-196.56
-45.92
95.52
66.13
-157.98
-53.27
132.26
-169.0
-25.72
-137.77
200.23
67.97
53.27
-132.26
170.84
119.4
-23.88
-196.56
156.14
77.15
-7.35
-159.82
135.94
-12.86
-113.89
-169.0
-64.29
-58.78
-124.91
-137.77
159.82
191.05
281.06
203.9
-152.47
-240.64
-102.87
180.02
16.53
-141.45
53.27
-167.16
-187.37
-51.44
78.99
25.72
-191.05
-255.34
73.48
53.27
-146.96
266.36
104.71
-16.53
36.74
-205.74
-211.25
-156.14
-108.38
-20.21
38.58
130.43
123.08
150.63
-64.29
-93.69
-170.84
-211.25
-247.99
-253.5
-262.69
-227.78
-227.78
-180.02
-141.45
-121.24
-104.71
-47.76
-23.88
33.07
40.41
66.13
90.01
112.06
104.71
112.06
134.1
189.21
260.85
292.08
304.94
196.56
58.78
73.48
-47.76
-66.13
-75.32
-130.43
-165.33
-123.08
-211.25
-189.21
-203.9
-12.86
-143.28
-156.14
108.38
106.54
11.02
-170.84
-271.87
-225.95
-154.31
-77.15
-66.13
-257.18
-66.13
152.47
-77.15
-249.83
-183.7
23.88
-36.74
-44.09
16.53
12.86
18.37
-25.72
-31.23
-139.61
-117.57
-1.84
-102.87
-137.77
-198.39
-240.64
-156.14
-150.63
-227.78
-216.76
-31.23
-187.37
-121.24
-172.68
-156.14
-185.53
-170.84
-101.03
-134.1
-128.59
-104.71
-198.39
-145.12
5.51
-80.83
-117.57
-91.85
-209.41
-240.64
-240.64
-36.74
-88.17
-194.72
-191.05
-97.36
-220.44
-161.65
-51.44
-20.21
-214.93
-67.97
-51.44
-231.46
-66.13
73.48
202.07
145.12
22.04
-246.15
-260.85
-240.64
-247.99
-137.77
-55.11
0.0
-51.44
172.68
-14.7
-178.19
145.12
-7.35
-200.23
62.46
135.94
148.79
176.35
189.21
-90.01
-266.36
-139.61
121.24
192.88
33.07
44.09
3.67
-198.39
-31.23
112.06
-134.1
-207.58
-20.21
196.56
143.28
180.02
196.56
-93.69
-150.63
-198.39
-29.39
5.51
-16.53
-148.79
-271.87
-225.95
44.09
187.37
-60.62
-134.1
-69.8
148.79
49.6
-170.84
33.07
141.45
249.83
242.48
253.5
284.73
169.0
-240.64
-194.72
196.56
128.59
124.91
-187.37
-77.15
181.86
86.34
-90.01
-244.32
-259.01
-38.58
58.78
141.45
-113.89
-110.22
101.03
-29.39
-192.88
90.01
27.55
18.37
-141.45
-141.45
124.91
31.23
-38.58
-246.15
-115.73
159.82
214.93
214.93
124.91
102.87
113.89
207.58
-180.02
-225.95
-106.54
156.14
205.74
196.56
0.0
25.72
-7.35
-27.55
-194.72
-130.43
238.81
165.33
-44.09
-225.95
-176.35
159.82
273.71
134.1
222.27
-58.78
-213.09
-183.7
-49.6
22.04
29.39
-150.63
-286.57
-20.21
56.95
-33.07
-187.37
78.99
110.22
-5.51
