292.734 8.886 105.93
304.118 -3.554 104.038
305.744 12.441 105.93
295.987 15.995 94.58
291.108 0.0 100.255
315.502 -8.886 102.147
297.613 -3.554 107.822
307.371 10.663 104.038
284.603 -3.554 104.038
297.613 -3.554 107.822
292.734 5.332 102.147
294.36 0.0 119.171
292.734 5.332 102.147
287.855 7.109 100.255
289.481 8.886 94.58
284.603 10.663 96.472
295.987 1.777 102.147
299.239 8.886 102.147
282.976 8.886 102.147
305.744 -5.332 105.93
302.492 8.886 102.147
300.866 -3.554 104.038
295.987 5.332 102.147
297.613 -3.554 104.038
292.734 -5.332 109.713
289.481 15.995 117.28
304.118 7.109 100.255
299.239 5.332 94.58
299.239 -55.094 98.364
312.25 -94.193 105.93
286.229 -193.717 94.58
255.329 -259.474 104.038
204.914 -300.35 79.448
157.751 -327.009 77.556
147.993 -334.118 81.339
141.488 -341.226 73.773
147.993 -337.672 73.773
120.346 -321.677 83.231
81.315 -325.231 87.014
42.284 -339.449 68.098
11.384 -334.118 54.857
3.253 -328.786 60.531
-19.516 -328.786 71.881
-26.021 -311.014 68.098
-52.042 -300.35 68.098
-63.426 -287.91 47.29
-73.184 -259.474 28.374
-97.578 -282.578 18.916
-102.457 -284.355 17.024
-110.588 -286.133 26.483
-130.104 -254.143 34.049
-131.73 -234.593 35.941
-156.125 -211.489 34.049
-183.772 -181.277 32.157
-195.156 -136.846 22.699
-201.661 -143.955 30.266
-193.53 -124.405 28.374
-204.914 -83.529 49.182
-208.166 -23.104 64.315
-208.166 47.985 64.315
-177.267 81.752 69.99
-159.377 133.292 68.098
-123.599 147.509 71.881
-117.094 175.945 90.797
-99.204 191.94 66.206
-82.941 199.049 69.99
-71.557 225.707 75.664
-34.152 206.158 77.556
-39.031 225.707 83.231
-11.384 220.375 73.773
19.516 222.153 90.797
45.536 215.044 105.93
55.294 222.153 90.797
94.325 215.044 105.93
104.083 225.707 105.93
125.225 209.712 92.689
146.367 193.717 94.58
141.488 206.158 96.472
152.872 193.717 102.147
172.388 190.163 90.797
174.014 188.385 96.472
196.782 181.277 96.472
188.651 183.054 98.364
188.651 179.499 117.28
195.156 179.499 113.496
190.277 177.722 100.255
195.156 172.39 87.014
190.277 184.831 100.255
178.893 190.163 79.448
190.277 195.494 92.689
208.166 168.836 102.147
203.288 152.841 92.689
230.935 143.955 87.014
226.056 145.732 85.122
253.703 129.737 102.147
253.703 119.074 87.014
269.966 90.638 87.014
263.461 97.747 75.664
266.713 115.519 83.231
255.329 103.079 85.122
237.44 126.183 83.231
260.208 129.737 75.664
247.198 143.955 79.448
242.319 138.623 88.906
230.935 147.509 83.231
230.935 133.292 105.93
234.187 133.292 79.448
248.824 142.178 92.689
237.44 136.846 75.664
239.066 145.732 69.99
243.945 140.4 79.448
235.814 135.069 85.122
222.803 149.287 96.472
230.935 140.4 94.58
239.066 149.287 92.689
245.571 138.623 85.122
243.945 126.183 79.448
234.187 122.628 90.797
250.45 129.737 79.448
252.077 131.514 85.122
245.571 120.851 96.472
250.45 122.628 90.797
256.955 111.965 94.58
258.582 113.742 92.689
258.582 106.633 104.038
260.208 104.856 87.014
268.34 92.415 92.689
276.471 79.975 94.58
282.976 47.985 83.231
294.36 31.99 92.689
297.613 21.327 92.689
287.855 28.436 92.689
276.471 62.203 87.014
279.724 94.193 83.231
234.187 119.074 83.231
247.198 151.064 83.231
221.177 158.173 79.448
195.156 172.39 71.881
157.751 213.267 69.99
84.568 232.816 75.664
69.931 241.702 73.773
30.9 234.593 73.773
9.758 211.489 143.762
3.253 183.054 196.727
-29.273 175.945 208.077
-47.163 174.168 198.619
-16.263 179.499 174.028
-9.758 175.945 166.462
4.879 195.494 149.437
35.779 218.598 136.196
26.021 247.034 109.713
22.768 232.816 87.014
24.395 241.702 100.255
4.879 238.148 92.689
6.505 211.489 109.713
-1.626 213.267 157.003
-1.626 195.494 138.087
-1.626 202.603 145.654
-17.889 223.93 100.255
-29.273 229.262 83.231
-34.152 234.593 85.122
-43.91 227.484 88.906
-45.536 232.816 87.014
-55.294 225.707 75.664
-63.426 209.712 81.339
-91.073 204.38 90.797
-118.72 181.277 96.472
-126.851 186.608 102.147
-151.246 159.95 81.339
-144.741 152.841 100.255
-147.993 163.504 92.689
-154.499 152.841 96.472
-169.135 126.183 124.846
-170.762 113.742 96.472
-180.519 110.188 107.822
-180.519 103.079 104.038
-165.883 104.856 109.713
-162.63 126.183 121.063
-167.509 110.188 115.388
-177.267 99.524 96.472
-185.398 87.084 105.93
-193.53 71.089 104.038
-182.146 37.322 105.93
-187.025 42.653 88.906
-178.893 5.332 87.014
-178.893 5.332 83.231
-208.166 -19.549 102.147
-196.782 -21.327 100.255
-198.409 -33.767 102.147
-195.156 -79.975 94.58
-193.53 -135.069 92.689
-172.388 -204.38 90.797
-126.851 -247.034 98.364
-89.447 -273.692 88.906
-58.547 -307.459 113.496
-47.163 -316.345 96.472
-26.021 -321.677 102.147
40.658 -344.781 88.906
86.194 -327.009 96.472
147.993 -323.454 92.689
190.277 -302.128 96.472
232.561 -273.692 111.605
269.966 -211.489 90.797
281.35 -170.613 115.388
295.987 -133.292 109.713
308.997 -79.975 113.496
308.997 -40.876 102.147
304.118 -24.881 107.822
299.239 -33.767 102.147
304.118 -21.327 107.822
310.623 -46.208 107.822
320.381 -46.208 115.388
308.997 -26.658 105.93
313.876 -21.327 111.605
305.744 -47.985 117.28
318.755 -44.431 105.93
317.129 -21.327 119.171
295.987 -40.876 117.28
315.502 -23.104 105.93
308.997 -19.549 105.93
312.25 -23.104 90.797
322.007 -1.777 109.713
291.108 28.436 104.038
294.36 71.089 111.605
269.966 104.856 105.93
261.834 135.069 104.038
243.945 161.727 87.014
195.156 193.717 109.713
175.64 200.826 102.147
149.62 232.816 105.93
97.578 247.034 109.713
68.305 247.034 113.496
26.021 247.034 102.147
-16.263 243.479 102.147
-9.758 236.37 113.496
-43.91 209.712 104.038
-92.699 184.831 96.472
-128.478 174.168 88.906
-144.741 131.514 100.255
-169.135 104.856 113.496
-196.782 63.98 107.822
-187.025 42.653 88.906
-211.419 23.104 94.58
-196.782 3.554 81.339
-214.672 -30.213 75.664
-213.045 -39.099 73.773
-213.045 -46.208 77.556
-208.166 -40.876 68.098
-221.177 -15.995 87.014
-198.409 47.985 87.014
-169.135 76.421 94.58
-156.125 133.292 94.58
-110.588 161.727 121.063
-92.699 177.722 111.605
-58.547 193.717 113.496
-50.415 213.267 119.171
-47.163 209.712 111.605
-42.284 211.489 98.364
-27.647 220.375 115.388
39.031 218.598 113.496
108.962 216.821 119.171
161.004 188.385 119.171
229.308 149.287 104.038
268.34 103.079 115.388
281.35 53.317 104.038
317.129 31.99 115.388
304.118 -17.772 100.255
308.997 1.777 113.496
312.25 -30.213 113.496
307.371 -10.663 107.822
313.876 -60.426 107.822
287.855 -149.287 104.038
263.461 -218.598 94.58
227.682 -254.143 105.93
234.187 -264.806 102.147
234.187 -254.143 102.147
230.935 -271.915 98.364
229.308 -273.692 100.255
230.935 -264.806 98.364
200.035 -284.355 104.038
200.035 -291.464 115.388
165.883 -303.905 109.713
105.71 -323.454 115.388
66.678 -337.672 115.388
69.931 -351.89 119.171
53.668 -344.781 104.038
65.052 -346.558 113.496
65.052 -335.895 117.28
55.294 -343.004 132.413
3.253 -339.449 117.28
-19.516 -328.786 117.28
-66.678 -309.236 122.955
-123.599 -261.251 105.93
-141.488 -231.039 111.605
-201.661 -140.4 124.846
-214.672 -94.193 90.797
-204.914 -76.421 98.364
-203.288 -92.415 100.255
-206.54 -92.415 107.822
-214.672 -44.431 113.496
-206.54 42.653 107.822
-183.772 106.633 115.388
-133.357 136.846 109.713
-121.973 174.168 115.388
-118.72 174.168 138.087
-118.72 174.168 126.738
-115.467 170.613 119.171
-112.215 167.059 115.388
-86.194 202.603 122.955
-47.163 223.93 119.171
3.253 218.598 136.196
47.163 241.702 122.955
89.447 223.93 134.304
143.114 225.707 128.629
185.398 197.272 105.93
208.166 168.836 121.063
243.945 151.064 121.063
252.077 124.405 111.605
278.097 110.188 115.388
286.229 101.302 94.58
284.603 63.98 96.472
282.976 37.322 98.364
284.603 46.208 88.906
276.471 76.421 98.364
261.834 131.514 85.122
217.924 147.509 87.014
195.156 186.608 71.881
162.63 204.38 98.364
86.194 238.148 96.472
55.294 243.479 98.364
22.768 239.925 98.364
4.879 220.375 92.689
-14.637 220.375 88.906
-30.9 223.93 81.339
-50.415 231.039 92.689
-91.073 207.935 94.58
-100.831 197.272 98.364
-104.083 200.826 94.58
-92.699 199.049 100.255
-87.82 200.826 109.713
-76.436 209.712 104.038
-79.689 213.267 96.472
-92.699 209.712 85.122
-94.325 172.39 147.545
-78.062 147.509 189.161
-82.941 145.732 198.619
-89.447 120.851 206.185
-99.204 131.514 183.486
-110.588 129.737 185.378
-92.699 127.96 175.92
-86.194 145.732 187.269
-84.568 133.292 189.161
-86.194 149.287 187.269
-63.426 159.95 175.92
-65.052 158.173 208.077
-73.184 149.287 175.92
-76.436 184.831 172.136
-115.467 177.722 138.087
-100.831 190.163 105.93
-125.225 170.613 92.689
-134.983 181.277 77.556
-121.973 174.168 81.339
-146.367 147.509 94.58
-164.256 127.96 88.906
-170.762 81.752 88.906
-187.025 49.762 96.472
-201.661 30.213 79.448
-195.156 23.104 60.531
-188.651 -19.549 52.965
-206.54 -31.99 39.724
-209.793 -63.98 32.157
-198.409 -65.757 7.566
-188.651 -94.193 -3.783
-190.277 -103.079 28.374
-190.277 -149.287 35.941
-190.277 -127.96 43.507
-203.288 -120.851 24.591
-196.782 -138.623 43.507
-185.398 -136.846 34.049
-193.53 -124.405 43.507
-191.903 -133.292 37.832
-187.025 -174.168 32.157
-128.478 -252.365 69.99
-95.952 -305.682 81.339
-32.526 -321.677 90.797
13.01 -346.558 87.014
84.568 -367.885 98.364
133.357 -357.221 105.93
198.409 -325.231 113.496
230.935 -293.241 117.28
243.945 -254.143 90.797
292.734 -239.925 102.147
294.36 -209.712 115.388
302.492 -161.727 105.93
315.502 -133.292 105.93
305.744 -119.074 113.496
312.25 -108.41 105.93
323.634 -124.405 126.738
313.876 -120.851 115.388
323.634 -138.623 111.605
318.755 -136.846 121.063
315.502 -126.183 109.713
308.997 -129.737 121.063
307.371 -120.851 107.822
318.755 -83.529 113.496
325.26 -12.441 117.28
300.866 24.881 107.822
307.371 24.881 126.738
308.997 26.658 121.063
295.987 76.421 109.713
278.097 99.524 62.423
279.724 143.955 3.783
279.724 122.628 -56.748
274.845 99.524 -126.738
273.218 51.539 -174.028
268.34 14.218 -191.052
266.713 -15.995 -174.028
269.966 -58.648 -196.727
279.724 -62.203 -181.594
273.218 -108.41 -192.944
282.976 -158.173 -166.462
284.603 -191.94 -111.605
292.734 -229.262 -60.531
291.108 -234.593 -47.29
295.987 -236.37 -3.783
287.855 -238.148 54.857
289.481 -247.034 79.448
289.481 -218.598 94.58
282.976 -229.262 128.629
281.35 -220.375 138.087
273.218 -222.153 177.811
286.229 -222.153 158.895
278.097 -213.267 194.836
291.108 -184.831 179.703
282.976 -175.945 204.294
278.097 -167.059 202.402
289.481 -143.955 219.427
279.724 -129.737 215.643
282.976 -147.509 238.343
282.976 -119.074 223.21
279.724 -115.519 230.776
276.471 -90.638 238.343
274.845 -42.653 247.801
263.461 -15.995 257.259
284.603 10.663 240.234
269.966 58.648 196.727
266.713 83.529 177.811
261.834 120.851 149.437
265.087 135.069 130.521
256.955 158.173 87.014
247.198 147.509 71.881
260.208 154.618 60.531
255.329 145.732 13.241
243.945 165.282 -15.133
250.45 165.282 -41.615
235.814 159.95 -39.724
245.571 163.504 20.808
274.845 145.732 115.388
274.845 85.307 168.353
273.218 47.985 196.727
265.087 -10.663 225.101
265.087 -42.653 259.15
278.097 -92.415 236.451
260.208 -161.727 242.126
252.077 -156.395 228.885
255.329 -199.049 225.101
265.087 -184.831 206.185
271.592 -213.267 187.269
256.955 -229.262 174.028
271.592 -255.92 122.955
291.108 -266.583 28.374
284.603 -252.365 -20.808
273.218 -225.707 -105.93
273.218 -186.608 -147.545
263.461 -161.727 -162.678
274.845 -110.188 -183.486
266.713 -101.302 -196.727
265.087 -81.752 -202.402
281.35 -81.752 -206.185
281.35 -53.317 -194.836
278.097 -17.772 -206.185
250.45 19.549 -215.643
268.34 17.772 -183.486
256.955 47.985 -192.944
269.966 37.322 -177.811
291.108 -7.109 -202.402
286.229 -37.322 -192.944
287.855 -46.208 -172.136
279.724 -44.431 -181.594
295.987 -55.094 -166.462
297.613 -67.534 -175.92
279.724 -44.431 -181.594
284.603 24.881 -187.269
274.845 81.752 -168.353
253.703 119.074 -136.196
265.087 110.188 -149.437
242.319 120.851 -130.521
256.955 126.183 -132.413
256.955 140.4 -121.063
243.945 154.618 -87.014
240.692 168.836 -60.531
255.329 156.395 -5.675
266.713 151.064 41.615
261.834 131.514 73.773
260.208 111.965 139.979
243.945 79.975 166.462
256.955 47.985 181.594
269.966 19.549 211.86
269.966 5.332 219.427
269.966 -37.322 223.21
268.34 -49.762 225.101
266.713 -72.866 230.776
279.724 -101.302 223.21
268.34 -117.297 217.535
274.845 -138.623 194.836
265.087 -167.059 217.535
263.461 -175.945 204.294
247.198 -197.272 230.776
279.724 -193.717 204.294
265.087 -209.712 179.703
258.582 -245.257 179.703
287.855 -259.474 85.122
261.834 -270.138 62.423
265.087 -284.355 20.808
248.824 -295.019 -9.458
258.582 -273.692 -47.29
266.713 -247.034 -90.797
252.077 -238.148 -134.304
253.703 -239.925 -132.413
255.329 -209.712 -160.787
247.198 -179.499 -196.727
252.077 -159.95 -202.402
256.955 -115.519 -196.727
261.834 -74.643 -217.535
265.087 -21.327 -221.318
260.208 26.658 -211.86
256.955 40.876 -181.594
248.824 67.534 -191.052
260.208 62.203 -192.944
255.329 81.752 -179.703
239.066 88.861 -172.136
237.44 83.529 -181.594
232.561 110.188 -172.136
248.824 99.524 -168.353
265.087 127.96 -160.787
237.44 143.955 -128.629
248.824 167.059 -77.556
243.945 179.499 -34.049
234.187 190.163 15.133
235.814 170.613 73.773
221.177 168.836 102.147
226.056 149.287 134.304
219.551 120.851 172.136
208.166 119.074 196.727
221.177 79.975 223.21
203.288 63.98 240.234
206.54 39.099 240.234
200.035 -14.218 270.5
208.166 -55.094 298.874
230.935 -44.431 268.608
227.682 -76.421 261.042
230.935 -69.312 268.608
253.703 -101.302 253.476
250.45 -76.421 249.692
256.955 -104.856 242.126
234.187 -119.074 242.126
258.582 -138.623 236.451
255.329 -124.405 236.451
245.571 -124.405 221.318
245.571 -131.514 228.885
245.571 -159.95 217.535
247.198 -179.499 226.993
242.319 -174.168 228.885
237.44 -200.826 223.21
248.824 -216.821 179.703
252.077 -234.593 164.57
253.703 -271.915 117.28
261.834 -255.92 92.689
250.45 -268.36 49.182
253.703 -286.133 52.965
252.077 -273.692 17.024
273.218 -254.143 -18.916
261.834 -231.039 -77.556
252.077 -199.049 -119.171
242.319 -159.95 -179.703
253.703 -136.846 -200.51
255.329 -88.861 -209.968
248.824 -56.871 -221.318
255.329 -14.218 -228.885
253.703 -12.441 -200.51
265.087 -78.198 -202.402
265.087 -181.277 -145.654
261.834 -245.257 -58.64
256.955 -279.024 22.699
253.703 -268.36 90.797
252.077 -263.029 153.22
242.319 -202.603 209.969
226.056 -170.613 244.017
227.682 -165.282 261.042
226.056 -120.851 247.801
230.935 -129.737 272.392
232.561 -103.079 259.15
245.571 -103.079 262.934
245.571 -99.524 251.584
252.077 -88.861 259.15
247.198 -55.094 261.042
230.935 -23.104 279.958
226.056 21.327 232.668
247.198 55.094 230.776
256.955 115.519 158.895
252.077 113.742 164.57
256.955 108.41 147.545
243.945 119.074 147.545
255.329 124.405 153.22
235.814 124.405 153.22
237.44 126.183 128.629
239.066 156.395 115.388
239.066 149.287 88.906
248.824 159.95 47.29
247.198 161.727 -7.566
260.208 161.727 -37.832
265.087 124.405 -73.773
265.087 127.96 -88.906
266.713 101.302 -113.496
279.724 72.866 -102.147
286.229 62.203 -117.28
286.229 51.539 -139.979
268.34 31.99 -175.92
274.845 31.99 -191.052
247.198 33.767 -185.378
250.45 23.104 -196.727
271.592 10.663 -217.535
248.824 0.0 -228.885
250.45 -8.886 -208.077
273.218 -26.658 -211.86
266.713 -37.322 -200.51
265.087 -39.099 -202.402
268.34 -78.198 -213.752
248.824 -106.633 -206.185
268.34 -142.178 -183.486
258.582 -191.94 -122.955
269.966 -229.262 -68.098
276.471 -257.697 -3.783
253.703 -271.915 87.014
253.703 -254.143 113.496
256.955 -243.479 170.245
263.461 -222.153 204.294
261.834 -206.158 213.752
258.582 -174.168 198.619
261.834 -159.95 225.101
269.966 -140.4 215.643
279.724 -97.747 215.643
286.229 -83.529 211.86
278.097 -53.317 221.318
258.582 -17.772 232.668
227.682 15.995 242.126
230.935 47.985 245.909
234.187 72.866 223.21
214.672 87.084 215.643
196.782 88.861 232.668
188.651 101.302 230.776
172.388 76.421 234.559
170.762 95.97 240.234
128.478 120.851 244.017
107.336 111.965 249.692
79.689 138.623 247.801
21.142 113.742 251.584
-3.253 136.846 253.476
-56.921 131.514 209.969
-97.578 108.41 181.594
-133.357 111.965 162.678
-141.488 120.851 157.003
-138.236 106.633 172.136
-144.741 106.633 179.703
-130.104 115.519 170.245
-144.741 106.633 164.57
-152.872 83.529 155.112
-161.004 78.198 172.136
-180.519 95.97 126.738
-187.025 92.415 122.955
-177.267 145.732 104.038
-174.014 149.287 73.773
-180.519 152.841 54.857
-169.135 158.173 15.133
-180.519 156.395 -1.892
-172.388 165.282 -41.615
-177.267 163.504 -96.472
-161.004 159.95 -88.906
-146.367 172.39 -128.629
-130.104 179.499 -155.112
-117.094 179.499 -196.727
-104.083 168.836 -200.51
-69.931 163.504 -240.234
-26.021 179.499 -257.259
13.01 161.727 -279.958
39.031 186.608 -264.825
50.415 191.94 -255.367
65.052 193.717 -268.608
82.941 188.385 -251.584
95.952 195.494 -247.801
105.71 195.494 -240.234
143.114 200.826 -219.427
167.509 199.049 -232.668
190.277 188.385 -202.402
211.419 175.945 -189.161
209.793 159.95 -187.269
216.298 156.395 -157.003
243.945 168.836 -132.413
256.955 168.836 -113.496
261.834 159.95 -66.206
274.845 167.059 -28.374
294.36 163.504 -17.024
271.592 145.732 13.241
291.108 142.178 69.99
263.461 126.183 98.364
269.966 104.856 132.413
245.571 95.97 160.787
230.935 97.747 200.51
204.914 69.312 242.126
200.035 60.426 240.234
167.509 81.752 266.717
156.125 79.975 268.608
134.983 99.524 274.283
110.588 79.975 279.958
66.678 92.415 274.283
35.779 87.084 272.392
1.626 99.524 274.283
-21.142 95.97 266.717
-45.536 90.638 253.476
-50.415 120.851 240.234
-74.81 108.41 230.776
-89.447 99.524 213.752
-112.215 103.079 179.703
-131.73 106.633 157.003
-139.862 97.747 166.462
-128.478 95.97 164.57
-141.488 103.079 153.22
-157.751 99.524 145.654
-154.499 99.524 138.087
-159.377 90.638 124.846
-154.499 95.97 96.472
-170.762 110.188 66.206
-188.651 126.183 -3.783
-185.398 140.4 -68.098
-180.519 149.287 -77.556
-180.519 142.178 -69.989
-167.509 152.841 -100.255
-159.377 168.836 -102.147
-141.488 174.168 -119.171
-143.114 200.826 -139.979
-133.357 197.272 -174.028
-113.841 200.826 -208.077
-71.557 204.38 -242.126
-53.668 220.375 -232.668
-27.647 202.603 -262.934
-40.658 209.712 -262.934
-84.568 197.272 -223.21
-123.599 190.163 -158.895
-164.256 170.613 -58.64
-165.883 165.282 7.566
-162.63 108.41 90.797
-138.236 124.405 149.437
-112.215 110.188 206.185
-37.405 92.415 262.934
-26.021 90.638 287.524
-1.626 99.524 262.934
30.9 88.861 289.416
61.799 65.757 287.524
97.578 69.312 298.874
139.862 87.084 276.175
174.014 85.307 259.15
188.651 90.638 234.559
222.803 99.524 221.318
248.824 103.079 168.353
242.319 106.633 153.22
269.966 101.302 128.629
266.713 115.519 105.93
286.229 126.183 79.448
279.724 119.074 52.965
294.36 127.96 39.724
286.229 119.074 30.266
281.35 120.851 20.808
294.36 135.069 -20.808
278.097 131.514 -58.64
278.097 113.742 -77.556
281.35 117.297 -73.773
274.845 127.96 -100.255
252.077 138.623 -126.738
222.803 142.178 -168.353
201.661 140.4 -215.643
187.025 138.623 -236.451
162.63 140.4 -245.909
152.872 140.4 -245.909
169.135 101.302 -253.475
174.014 106.633 -266.717
183.772 99.524 -232.668
164.256 106.633 -259.15
156.125 119.074 -268.608
118.72 149.287 -255.367
92.699 170.613 -244.017
123.599 183.054 -223.21
82.941 181.277 -225.101
37.405 195.494 -240.234
-0.0 197.272 -208.077
-56.921 188.385 -198.619
-78.062 172.39 -181.594
-92.699 184.831 -172.136
-115.467 159.95 -126.738
-126.851 172.39 -94.58
-156.125 161.727 -64.315
-170.762 170.613 -39.724
-157.751 149.287 -24.591
-167.509 138.623 -5.675
-188.651 151.064 7.566
-182.146 136.846 11.35
-190.277 120.851 66.206
-183.772 142.178 58.64
-206.54 117.297 77.556
-183.772 135.069 66.206
-180.519 124.405 69.99
-180.519 120.851 69.99
-175.64 140.4 83.231
-167.509 124.405 130.521
-134.983 110.188 179.703
-133.357 111.965 208.077
-131.73 124.405 213.752
-118.72 95.97 244.017
-117.094 94.193 268.608
-108.962 81.752 270.5
-81.315 79.975 272.392
-82.941 67.534 304.549
-66.678 60.426 308.332
-74.81 58.648 302.657
-76.436 56.871 304.549
-61.799 83.529 298.874
-94.325 72.866 276.175
-89.447 88.861 274.283
-74.81 87.084 268.608
-74.81 94.193 264.825
-76.436 74.643 281.85
-65.052 65.757 295.091
-66.678 60.426 308.332
-76.436 67.534 296.983
-97.578 62.203 291.308
-91.073 72.866 283.741
-94.325 62.203 283.741
-84.568 69.312 287.524
-99.204 63.98 289.416
-79.689 60.426 281.85
-91.073 55.094 298.874
-89.447 60.426 281.85
-82.941 56.871 281.85
-87.82 62.203 279.958
-104.083 69.312 261.042
-97.578 87.084 261.042
-99.204 81.752 247.801
-104.083 62.203 245.909
-95.952 35.544 255.367
-40.658 67.534 278.066
-19.516 72.866 272.392
29.273 55.094 279.958
69.931 71.089 266.717
91.073 51.539 268.608
139.862 65.757 261.042
144.741 49.762 251.584
164.256 60.426 240.234
185.398 69.312 238.343
222.803 53.317 213.752
250.45 76.421 181.594
278.097 88.861 92.689
269.966 94.193 60.531
289.481 104.856 11.35
282.976 111.965 -22.699
276.471 115.519 -37.832
274.845 138.623 -69.989
278.097 127.96 -73.773
258.582 127.96 -85.122
261.834 120.851 -134.304
217.924 122.628 -170.245
187.025 149.287 -209.968
154.499 152.841 -236.451
126.851 168.836 -238.343
89.447 177.722 -240.234
66.678 184.831 -228.885
26.021 200.826 -223.21
-0.0 207.935 -211.86
-55.294 200.826 -192.944
-92.699 191.94 -149.437
-117.094 193.717 -109.713
-134.983 195.494 -66.206
-152.872 179.499 -30.266
-151.246 181.277 -51.073
-81.315 215.044 -158.895
-29.273 215.044 -215.643
-1.626 184.831 -244.017
29.273 186.608 -253.475
86.194 181.277 -255.367
97.578 179.499 -257.259
121.973 181.277 -259.15
193.53 120.851 -244.017
256.955 23.104 -230.776
258.582 -131.514 -202.402
294.36 -152.841 -119.171
317.129 -31.99 -32.157
211.419 207.935 -64.315
42.284 239.925 -113.496
4.879 245.257 -111.605
16.263 204.38 -219.427
24.395 152.841 -278.066
78.062 94.193 -287.524
185.398 -44.431 -287.524
240.692 -133.292 -208.077
312.25 -101.302 -117.28
325.26 1.777 -49.182
282.976 111.965 -18.916
216.298 195.494 -17.024
107.336 250.588 -37.832
61.799 239.925 -64.315
47.163 259.474 -100.255
61.799 243.479 -151.329
52.042 211.489 -204.294
86.194 184.831 -244.017
102.457 135.069 -251.584
112.215 85.307 -293.199
133.357 5.332 -310.224
152.872 -40.876 -310.224
172.388 -83.529 -287.524
253.703 -83.529 -230.776
295.987 -79.975 -185.378
305.744 -55.094 -136.196
318.755 -5.332 -98.364
318.755 65.757 -56.748
263.461 115.519 -56.748
188.651 211.489 -64.315
156.125 222.153 -113.496
134.983 202.603 -153.22
128.478 206.158 -191.052
107.336 161.727 -249.692
94.325 104.856 -283.741
82.941 49.762 -315.899
117.094 -37.322 -306.44
156.125 -65.757 -321.573
237.44 -126.183 -249.692
266.713 -140.4 -189.161
307.371 -120.851 -145.654
326.886 -39.099 -92.689
312.25 40.876 -49.182
286.229 129.737 -71.881
203.288 199.049 -115.388
152.872 193.717 -166.462
110.588 168.836 -196.727
73.184 174.168 -228.885
60.173 138.623 -266.717
32.526 104.856 -314.007
26.021 37.322 -317.79
91.073 -44.431 -325.357
167.509 -74.643 -300.766
273.218 -97.747 -215.643
328.513 -79.975 -124.846
325.26 15.995 -41.615
302.492 122.628 -7.566
208.166 193.717 -64.315
156.125 218.598 -79.448
121.973 223.93 -119.171
71.557 215.044 -170.245
11.384 202.603 -175.92
-34.152 202.603 -198.619
-43.91 170.613 -240.234
-71.557 119.074 -242.126
-99.204 78.198 -255.367
-95.952 42.653 -293.199
-47.163 3.554 -327.248
37.405 -42.653 -349.948
136.609 -97.747 -310.224
240.692 -97.747 -230.776
276.471 -115.519 -189.161
313.876 -92.415 -100.255
339.897 -35.544 -28.374
302.492 79.975 18.916
260.208 161.727 -7.566
195.156 207.935 -60.531
152.872 207.935 -128.629
112.215 220.375 -172.136
73.184 199.049 -206.185
40.658 195.494 -202.402
-29.273 186.608 -200.51
-76.436 188.385 -175.92
-107.336 186.608 -162.678
-105.71 159.95 -191.052
-99.204 142.178 -221.318
-76.436 113.742 -274.283
-19.516 62.203 -317.79
53.668 17.772 -353.731
126.851 -40.876 -332.923
200.035 -53.317 -281.85
253.703 -33.767 -208.077
305.744 26.658 -136.196
279.724 129.737 -79.448
224.429 172.39 -45.399
156.125 232.816 -52.965
107.336 239.925 -60.531
65.052 250.588 -87.014
32.526 229.262 -83.231
30.9 255.92 -119.171
32.526 232.816 -166.462
45.536 204.38 -219.427
50.415 156.395 -247.801
42.284 115.519 -276.175
42.284 79.975 -314.007
35.779 51.539 -310.224
17.889 -7.109 -323.465
99.204 -49.762 -334.815
191.903 -65.757 -283.741
258.582 -46.208 -244.017
286.229 12.441 -155.112
271.592 106.633 -92.689
221.177 186.608 -45.399
118.72 248.811 -58.64
43.91 245.257 -66.206
6.505 243.479 -71.881
27.647 248.811 -115.388
-1.626 238.148 -130.521
-17.889 216.821 -141.871
-37.405 181.277 -187.269
-76.436 145.732 -236.451
-65.052 83.529 -279.958
-40.658 28.436 -293.199
66.678 -60.426 -331.031
193.53 -103.079 -266.717
294.36 -95.97 -164.57
322.007 -15.995 -56.748
278.097 127.96 -24.591
188.651 204.38 -34.049
99.204 245.257 -81.339
71.557 250.588 -87.014
30.9 241.702 -138.087
42.284 218.598 -189.161
6.505 158.173 -245.909
-50.415 103.079 -270.5
-68.305 47.985 -295.091
3.253 1.777 -314.007
117.094 -55.094 -306.44
252.077 -42.653 -236.451
284.603 49.762 -134.304
248.824 159.95 -69.989
178.893 200.826 -52.965
104.083 239.925 -56.748
53.668 252.365 -35.941
26.021 261.252 -37.832
-8.132 252.365 -47.29
-11.384 241.702 -73.773
-24.395 213.267 -153.22
-55.294 193.717 -177.811
-121.973 120.851 -187.269
-141.488 56.871 -209.968
-104.083 -1.777 -287.524
63.426 -46.208 -319.682
211.419 -58.648 -287.524
269.966 -23.104 -211.86
295.987 72.866 -102.147
209.793 191.94 -62.423
65.052 254.143 -60.531
11.384 238.148 -32.157
-35.779 257.697 -30.266
-40.658 216.821 -69.989
-66.678 216.821 -153.22
-97.578 175.945 -162.678
-130.104 90.638 -174.028
-169.135 12.441 -204.294
-117.094 -19.549 -279.958
52.042 -58.648 -317.79
191.903 -33.767 -264.825
279.724 58.648 -147.545
196.782 195.494 -115.388
58.547 247.034 -71.881
-19.516 243.479 -56.748
-21.142 216.821 -104.038
-50.415 199.049 -183.486
-61.799 140.4 -219.427
-74.81 47.985 -283.741
35.779 -47.985 -314.007
180.519 -106.633 -278.066
281.35 -74.643 -202.402
299.239 40.876 -83.231
208.166 179.499 -56.748
76.436 252.365 -77.556
65.052 247.034 -105.93
117.094 197.272 -200.51
131.73 127.96 -259.15
180.519 24.881 -296.982
245.571 -53.317 -255.367
310.623 -71.089 -157.003
322.007 8.886 -15.133
230.935 186.608 7.566
86.194 241.702 -54.857
84.568 247.034 -87.014
123.599 211.489 -136.196
156.125 143.955 -223.21
222.803 31.99 -247.801
269.966 -62.203 -226.993
308.997 -33.767 -94.58
330.139 -3.554 -17.024
302.492 101.302 26.483
263.461 136.846 26.483
253.703 172.39 15.133
239.066 177.722 17.024
268.34 159.95 17.024
247.198 183.054 30.266
247.198 161.727 18.916
253.703 158.173 30.266
258.582 170.613 28.374
239.066 167.059 58.64
230.935 175.945 83.231
221.177 183.054 102.147
187.025 199.049 138.087
118.72 231.039 153.22
32.526 229.262 143.762
-37.405 195.494 160.787
40.658 238.148 126.738
180.519 199.049 81.339
284.603 95.97 111.605
295.987 8.886 158.895
224.429 51.539 238.343
104.083 179.499 196.727
58.547 247.034 117.28
8.132 245.257 66.206
-1.626 220.375 85.122
89.447 238.148 77.556
239.066 174.168 39.724
291.108 53.317 115.388
260.208 -8.886 196.727
208.166 47.985 242.126
123.599 140.4 215.643
87.82 218.598 151.329
66.678 223.93 130.521
84.568 247.034 109.713
172.388 197.272 117.28
276.471 111.965 79.448
291.108 0.0 126.738
291.108 -53.317 187.269
245.571 -14.218 228.885
175.64 83.529 261.042
121.973 113.742 244.017
86.194 131.514 244.017
147.993 95.97 232.668
230.935 55.094 234.559
291.108 -21.327 209.969
291.108 -31.99 183.486
230.935 51.539 219.427
112.215 170.613 217.535
53.668 181.277 209.969
58.547 197.272 204.294
118.72 206.158 149.437
240.692 126.183 98.364
305.744 19.549 117.28
250.45 -30.213 242.126
174.014 42.653 278.066
102.457 184.831 202.402
56.921 223.93 134.304
79.689 220.375 111.605
152.872 193.717 98.364
273.218 108.41 113.496
284.603 14.218 168.353
191.903 15.995 287.524
82.941 124.405 255.367
60.173 223.93 145.654
35.779 225.707 102.147
104.083 239.925 90.797
159.377 207.935 90.797
274.845 63.98 164.57
240.692 -30.213 230.776
178.893 -23.104 291.308
108.962 120.851 262.934
53.668 220.375 187.269
35.779 225.707 136.196
48.789 225.707 128.629
138.236 184.831 160.787
232.561 127.96 160.787
279.724 30.213 189.161
295.987 -62.203 162.678
227.682 -37.322 242.126
253.703 15.995 238.343
295.987 1.777 177.811
331.765 -15.995 52.965
312.25 5.332 -34.049
284.603 85.307 -66.206
269.966 147.509 -45.399
235.814 167.059 5.675
245.571 188.385 -13.241
230.935 175.945 26.483
240.692 193.717 26.483
248.824 163.504 -5.675
279.724 108.41 56.748
307.371 60.426 20.808
323.634 -28.436 -9.458
326.886 -163.504 -20.808
255.329 -280.801 -73.773
322.007 -200.826 -34.049
320.381 21.327 -9.458
214.672 200.826 -7.566
43.91 248.811 -69.989
-58.547 211.489 -109.713
69.931 231.039 -122.955
252.077 127.96 -126.738
305.744 -51.539 -139.979
307.371 -124.405 -115.388
300.866 -202.603 -39.724
313.876 -10.663 104.038
146.367 247.034 34.049
74.81 247.034 -79.448
136.609 186.608 -185.378
213.045 60.426 -244.017
312.25 -97.747 -162.678
310.623 -31.99 35.941
243.945 143.955 79.448
133.357 239.925 11.35
169.135 222.153 -102.147
164.256 174.168 -191.052
95.952 131.514 -247.801
30.9 124.405 -281.85
-89.447 120.851 -236.451
-177.267 103.079 -122.955
-203.288 99.524 -32.157
-196.782 85.307 -35.941
-190.277 117.297 -81.339
-121.973 167.059 -179.703
76.436 199.049 -236.451
167.509 145.732 -221.318
151.246 85.307 -278.066
6.505 69.312 -317.79
-120.346 115.519 -261.042
-141.488 181.277 -115.388
-151.246 191.94 -5.675
-151.246 188.385 20.808
-157.751 184.831 -62.423
-68.305 229.262 -170.245
32.526 229.262 -204.294
128.478 184.831 -232.668
175.64 133.292 -253.475
102.457 95.97 -315.899
-32.526 87.084 -317.79
-125.225 149.287 -221.318
-167.509 181.277 -88.906
-157.751 191.94 39.724
-167.509 174.168 39.724
-152.872 193.717 -30.266
-141.488 191.94 -107.822
-55.294 207.935 -162.678
-0.0 218.598 -204.294
99.204 199.049 -228.885
180.519 163.504 -232.668
201.661 97.747 -257.259
125.225 74.643 -308.332
8.132 78.198 -319.682
-154.499 120.851 -240.234
-169.135 133.292 -139.979
-169.135 172.39 -7.566
-183.772 163.504 58.64
-144.741 181.277 -47.29
-65.052 211.489 -170.245
-4.879 227.484 -217.535
113.841 204.38 -215.643
177.267 149.287 -232.668
156.125 119.074 -283.741
35.779 104.856 -306.44
-84.568 129.737 -287.524
-154.499 159.95 -175.92
-170.762 174.168 -51.073
-161.004 181.277 13.241
-159.377 168.836 83.231
-172.388 168.836 60.531
-159.377 158.173 -11.35
-156.125 165.282 -83.231
-53.668 199.049 -217.535
68.305 207.935 -208.077
154.499 177.722 -225.101
174.014 131.514 -236.451
99.204 127.96 -308.332
-13.01 143.955 -317.79
-133.357 165.282 -204.294
-161.004 191.94 -77.556
-154.499 177.722 62.423
-156.125 158.173 124.846
-191.903 151.064 64.315
-183.772 149.287 -5.675
-161.004 170.613 -85.122
-53.668 209.712 -175.92
84.568 218.598 -223.21
172.388 175.945 -204.294
170.762 131.514 -262.934
53.668 117.297 -293.199
-95.952 135.069 -244.017
-149.62 186.608 -139.979
-180.519 199.049 17.024
-174.014 163.504 96.472
-165.883 126.183 166.462
-172.388 122.628 151.329
-193.53 145.732 54.857
-156.125 175.945 -109.713
-39.031 207.935 -208.077
65.052 211.489 -238.343
156.125 172.39 -211.86
216.298 145.732 -194.836
229.308 92.415 -262.934
136.609 69.312 -325.357
-21.142 131.514 -296.982
-138.236 167.059 -183.486
-191.903 172.39 -22.699
-182.146 175.945 102.147
-159.377 165.282 185.378
-144.741 106.633 202.402
-154.499 103.079 179.703
-178.893 143.955 90.797
-169.135 179.499 -18.916
-126.851 218.598 -87.014
-16.263 225.707 -181.594
117.094 218.598 -181.594
252.077 131.514 -126.738
305.744 -8.886 -132.413
313.876 -110.188 -115.388
336.644 -142.178 -73.773
312.25 79.975 -30.266
191.903 207.935 -94.58
136.609 229.262 -128.629
118.72 209.712 -168.353
99.204 159.95 -236.451
174.014 53.317 -285.633
302.492 -65.757 -181.594
338.27 -33.767 -71.881
299.239 122.628 -7.566
177.267 234.593 -92.689
139.862 218.598 -132.413
102.457 199.049 -187.269
61.799 154.618 -261.042
99.204 71.089 -296.982
216.298 -49.762 -270.5
302.492 -69.312 -143.762
299.239 108.41 -41.615
180.519 206.158 -77.556
84.568 225.707 -121.063
45.536 232.816 -155.112
4.879 191.94 -206.185
-9.758 122.628 -268.608
14.637 21.327 -331.031
154.499 -24.881 -293.199
273.218 8.886 -189.161
258.582 138.623 -92.689
136.609 225.707 -105.93
68.305 243.479 -98.364
13.01 236.37 -121.063
-22.768 225.707 -139.979
-84.568 193.717 -181.594
-110.588 143.955 -189.161
-128.478 152.841 -202.402
-126.851 190.163 -155.112
-151.246 213.267 -115.388
-139.862 204.38 -90.797
-151.246 223.93 -73.773
-141.488 206.158 -62.423
-151.246 213.267 -51.073
-162.63 200.826 -34.049
-159.377 197.272 -7.566
-154.499 206.158 13.241
-156.125 215.044 -3.783
-151.246 213.267 -20.808
-167.509 152.841 -85.122
-201.661 87.084 -136.196
-219.551 -42.653 -187.269
-237.44 -26.658 -113.496
-204.914 94.193 7.566
-81.315 183.054 90.797
-87.82 236.37 121.063
-141.488 202.603 58.64
-143.114 218.598 -79.448
-128.478 152.841 -221.318
-161.004 95.97 -244.017
-195.156 94.193 -162.678
-195.156 122.628 37.832
-134.983 145.732 119.171
-146.367 207.935 166.462
-136.609 190.163 143.762
-139.862 197.272 -26.483
-108.962 199.049 -157.003
-79.689 167.059 -244.017
-108.962 127.96 -270.5
-193.53 113.742 -168.353
-165.883 151.064 15.133
-165.883 204.38 60.531
-130.104 200.826 208.077
-102.457 138.623 251.584
-123.599 154.618 204.294
-164.256 202.603 43.507
-136.609 211.489 -105.93
-128.478 184.831 -183.486
-120.346 119.074 -245.909
-152.872 72.866 -238.343
-196.782 39.099 -179.703
-217.924 55.094 -30.266
-185.398 79.975 113.496
-115.467 113.742 172.136
-87.82 101.302 204.294
-104.083 104.856 170.245
-139.862 119.074 113.496
-172.388 143.955 3.783
-144.741 170.613 -145.654
-105.71 152.841 -217.535
-58.547 101.302 -306.44
-115.467 74.643 -312.115
-193.53 127.96 -153.22
-174.014 177.722 -32.157
-143.114 225.707 90.797
-131.73 209.712 81.339
-134.983 199.049 -17.024
-128.478 216.821 -115.388
-95.952 199.049 -175.92
-82.941 170.613 -225.101
-40.658 177.722 -251.584
-24.395 167.059 -247.801
-24.395 177.722 -236.451
-24.395 191.94 -247.801
11.384 159.95 -259.15
104.083 111.965 -298.874
180.519 24.881 -289.416
269.966 15.995 -219.427
258.582 120.851 -141.871
180.519 202.603 -100.255
68.305 225.707 -162.678
-13.01 200.826 -192.944
-117.094 168.836 -143.762
-105.71 152.841 -168.353
-84.568 101.302 -253.475
68.305 51.539 -317.79
227.682 -33.767 -249.692
276.471 44.431 -124.846
239.066 174.168 -69.989
139.862 222.153 -109.713
29.273 243.479 -117.28
-27.647 234.593 -134.304
-65.052 190.163 -170.245
-89.447 135.069 -225.101
-76.436 78.198 -293.199
19.516 19.549 -314.007
235.814 -46.208 -255.367
295.987 12.441 -139.979
274.845 131.514 -81.339
185.398 222.153 -90.797
69.931 220.375 -92.689
-22.768 247.034 -87.014
-58.547 229.262 -128.629
-87.82 179.499 -147.545
-130.104 136.846 -181.594
-112.215 92.415 -255.367
-11.384 46.208 -323.465
144.741 -28.436 -338.598
266.713 -19.549 -211.86
297.613 88.861 -85.122
195.156 207.935 -37.832
24.395 263.029 -43.507
58.547 247.034 -87.014
113.841 204.38 -196.727
105.71 127.96 -300.766
134.983 3.554 -312.115
235.814 -99.524 -259.15
307.371 -120.851 -104.038
320.381 24.881 24.591
234.187 190.163 18.916
69.931 255.92 -35.941
47.163 248.811 -77.556
175.64 200.826 -147.545
247.198 19.549 -230.776
252.077 -120.851 -209.968
240.692 -204.38 -200.51
248.824 -245.257 -119.171
320.381 -142.178 -17.024
300.866 81.752 20.808
198.409 211.489 -3.783
102.457 252.365 -39.724
81.315 239.925 -94.58
91.073 200.826 -185.378
84.568 62.203 -295.091
48.789 -65.757 -295.091
55.294 -168.836 -295.091
113.841 -204.38 -261.042
235.814 -227.484 -183.486
318.755 -151.064 -18.916
292.734 65.757 34.049
208.166 218.598 18.916
112.215 241.702 -39.724
65.052 250.588 -75.664
81.315 232.816 -139.979
73.184 163.504 -247.801
55.294 94.193 -291.308
-3.253 -23.104 -306.44
65.052 -83.529 -310.224
221.177 -183.054 -223.21
289.481 -183.054 -117.28
325.26 -26.658 -11.35
232.561 149.287 28.374
107.336 247.034 -7.566
-27.647 248.811 5.675
-118.72 199.049 -5.675
-136.609 151.064 -34.049
-65.052 229.262 -37.832
131.73 234.593 17.024
291.108 113.742 24.591
330.139 -88.861 -17.024
261.834 -252.365 -66.206
196.782 -309.236 -77.556
265.087 -273.692 -28.374
336.644 -63.98 32.157
274.845 117.297 39.724
157.751 216.821 -24.591
43.91 255.92 -66.206
-24.395 245.257 -73.773
16.263 243.479 -64.315
230.935 179.499 -41.615
330.139 0.0 -9.458
335.018 -111.965 -15.133
328.513 -168.836 -34.049
302.492 -232.816 -45.399
315.502 -193.717 -15.133
331.765 -5.332 11.35
295.987 119.074 -34.049
252.077 167.059 -66.206
191.903 168.836 -166.462
180.519 149.287 -202.402
130.104 129.737 -253.475
74.81 115.519 -268.608
-11.384 99.524 -278.066
-61.799 111.965 -249.692
-100.831 143.955 -215.643
-113.841 161.727 -158.895
-110.588 183.054 -139.979
-40.658 220.375 -168.353
45.536 222.153 -211.86
165.883 168.836 -196.727
281.35 106.633 -88.906
308.997 83.529 11.35
289.481 108.41 79.448
260.208 126.183 121.063
234.187 122.628 128.629
237.44 122.628 147.545
242.319 110.188 134.304
266.713 119.074 136.196
263.461 122.628 117.28
253.703 115.519 166.462
211.419 108.41 204.294
187.025 103.079 202.402
138.236 110.188 255.367
66.678 120.851 274.283
-0.0 126.183 268.608
-37.405 138.623 236.451
-79.689 152.841 183.486
-128.478 174.168 115.388
-136.609 161.727 94.58
-147.993 152.841 39.724
-141.488 163.504 -5.675
-131.73 167.059 -51.073
-147.993 145.732 -58.64
-141.488 149.287 -32.157
-161.004 127.96 62.423
-147.993 127.96 157.003
-65.052 101.302 238.343
-26.021 87.084 283.741
48.789 58.648 310.224
117.094 87.084 287.524
152.872 69.312 261.042
196.782 63.98 225.101
243.945 83.529 192.944
266.713 87.084 128.629
278.097 113.742 73.773
276.471 122.628 45.399
279.724 133.292 37.832
273.218 136.846 -11.35
282.976 126.183 -60.531
263.461 126.183 -83.231
242.319 124.405 -134.304
253.703 104.856 -158.895
258.582 131.514 -100.255
252.077 163.504 5.675
209.793 199.049 35.941
172.388 215.044 15.133
154.499 216.821 -13.241
230.935 183.054 -26.483
295.987 87.084 0.0
323.634 -3.554 69.99
287.855 35.544 138.087
239.066 117.297 164.57
178.893 186.608 90.797
143.114 225.707 26.483
138.236 259.474 -28.374
125.225 234.593 -73.773
146.367 207.935 -102.147
190.277 202.603 -111.605
276.471 119.074 -90.797
323.634 -3.554 13.241
315.502 -90.638 155.112
255.329 -17.772 221.318
201.661 87.084 215.643
164.256 202.603 153.22
125.225 238.148 81.339
107.336 218.598 49.182
107.336 236.37 83.231
120.346 236.37 52.965
144.741 234.593 9.458
178.893 215.044 22.699
239.066 177.722 -1.892
295.987 87.084 -37.832
331.765 15.995 3.783
330.139 10.663 85.122
294.36 39.099 119.171
221.177 111.965 170.245
169.135 165.282 170.245
134.983 209.712 104.038
125.225 227.484 69.99
108.962 227.484 66.206
120.346 236.37 56.748
206.54 213.267 -9.458
235.814 167.059 -88.906
281.35 95.97 -107.822
323.634 10.663 -77.556
325.26 -8.886 22.699
300.866 31.99 119.171
235.814 110.188 172.136
206.54 142.178 134.304
229.308 177.722 85.122
256.955 140.4 15.133
310.623 85.307 5.675
333.392 14.218 13.241
333.392 -63.98 32.157
323.634 -78.198 92.689
300.866 10.663 141.871
269.966 122.628 124.846
250.45 175.945 71.881
265.087 149.287 17.024
273.218 129.737 -37.832
297.613 63.98 -66.206
331.765 -19.549 -71.881
338.27 -101.302 0.0
318.755 -115.519 83.231
322.007 -37.322 128.629
278.097 60.426 130.521
268.34 106.633 107.822
265.087 142.178 20.808
299.239 90.638 -49.182
305.744 8.886 -105.93
335.018 -83.529 -79.448
331.765 -126.183 26.483
325.26 -65.757 102.147
300.866 56.871 77.556
289.481 119.074 -3.783
294.36 95.97 -115.388
227.682 104.856 -200.51
156.125 97.747 -272.392
63.426 60.426 -296.982
-1.626 49.762 -293.199
71.557 55.094 -295.091
200.035 67.534 -251.584
294.36 49.762 -104.038
312.25 47.985 7.566
271.592 74.643 145.654
219.551 103.079 202.402
245.571 99.524 164.57
291.108 92.415 47.29
287.855 106.633 -92.689
200.035 88.861 -225.101
94.325 97.747 -295.091
3.253 101.302 -279.958
-74.81 79.975 -253.475
-53.668 95.97 -281.85
69.931 92.415 -281.85
165.883 104.856 -242.126
256.955 129.737 -102.147
271.592 117.297 47.29
271.592 85.307 130.521
268.34 60.426 172.136
279.724 23.104 200.51
281.35 -3.554 202.402
295.987 -1.777 158.895
315.502 65.757 60.531
294.36 113.742 -54.857
248.824 127.96 -160.787
260.208 65.757 -196.727
256.955 12.441 -230.776
260.208 -33.767 -238.343
258.582 -71.089 -240.234
271.592 -103.079 -240.234
256.955 -101.302 -234.559
265.087 -88.861 -236.451
256.955 -111.965 -219.427
268.34 -131.514 -194.836
274.845 -195.494 -183.486
263.461 -232.816 -151.329
247.198 -289.687 -132.413
265.087 -284.355 -47.29
287.855 -298.573 -1.892
273.218 -286.133 -45.399
260.208 -268.36 -94.58
211.419 -264.806 -151.329
180.519 -231.039 -213.752
159.377 -243.479 -223.21
175.64 -229.262 -219.427
193.53 -216.821 -213.752
245.571 -195.494 -175.92
284.603 -184.831 -107.822
315.502 -140.4 -128.629
295.987 -147.509 -143.762
292.734 -158.173 -162.678
265.087 -206.158 -175.92
235.814 -209.712 -198.619
154.499 -231.039 -221.318
112.215 -184.831 -259.15
115.467 -167.059 -270.5
182.146 -143.955 -261.042
247.198 -154.618 -204.294
266.713 -158.173 -174.028
286.229 -158.173 -147.545
260.208 -175.945 -185.378
193.53 -220.375 -209.968
87.82 -204.38 -253.475
45.536 -158.173 -279.958
74.81 -126.183 -295.091
156.125 -94.193 -283.741
253.703 -108.41 -215.643
291.108 -131.514 -172.136
294.36 -110.188 -153.22
292.734 -111.965 -177.811
237.44 -168.836 -226.993
130.104 -200.826 -245.909
13.01 -200.826 -268.608
-35.779 -161.727 -279.958
-22.768 -90.638 -283.741
37.405 -56.871 -308.332
133.357 -62.203 -295.091
224.429 -97.747 -230.776
265.087 -138.623 -183.486
302.492 -165.282 -136.196
299.239 -175.945 -94.58
292.734 -175.945 -132.413
219.551 -188.385 -202.402
115.467 -202.603 -259.15
21.142 -156.395 -285.633
6.505 -119.074 -295.091
69.931 -56.871 -315.899
182.146 -58.648 -283.741
269.966 -104.856 -208.077
286.229 -140.4 -147.545
299.239 -175.945 -87.014
268.34 -195.494 -115.388
208.166 -204.38 -185.378
104.083 -197.272 -249.692
19.516 -140.4 -291.308
21.142 -71.089 -296.982
69.931 -17.772 -319.682
161.004 -35.544 -289.416
250.45 -79.975 -226.993
308.997 -101.302 -124.846
322.007 -111.965 -56.748
338.27 -126.183 -34.049
331.765 -126.183 -98.364
289.481 -175.945 -151.329
213.045 -195.494 -209.968
110.588 -179.499 -283.741
69.931 -106.633 -304.549
63.426 -31.99 -300.766
110.588 -19.549 -295.091
169.135 -8.886 -272.392
276.471 -72.866 -170.245
318.755 -111.965 -121.063
330.139 -110.188 -43.507
325.26 -111.965 -37.832
328.513 -151.064 -71.881
260.208 -172.39 -158.895
159.377 -193.717 -257.259
34.152 -163.504 -289.416
-8.132 -74.643 -285.633
21.142 -3.554 -312.115
133.357 -30.213 -314.007
245.571 -53.317 -236.451
313.876 -99.524 -130.521
326.886 -120.851 -58.64
341.523 -140.4 -15.133
331.765 -158.173 -37.832
305.744 -165.282 -128.629
229.308 -159.95 -213.752
141.488 -145.732 -274.283
61.799 -129.737 -295.091
27.647 -49.762 -304.549
-6.505 -26.658 -302.657
14.637 14.218 -293.199
63.426 28.436 -304.549
185.398 12.441 -279.958
245.571 10.663 -221.318
260.208 12.441 -208.077
281.35 3.554 -172.136
289.481 -19.549 -155.112
297.613 -10.663 -145.654
295.987 -1.777 -121.063
291.108 10.663 -153.22
287.855 10.663 -164.57
286.229 30.213 -158.895
289.481 44.431 -139.979
279.724 65.757 -105.93
295.987 69.312 -117.28
304.118 88.861 -58.64
260.208 143.955 18.916
177.267 206.158 32.157
198.409 197.272 34.049
253.703 158.173 37.832
317.129 35.544 81.339
326.886 -92.415 111.605
300.866 -78.198 187.269
256.955 69.312 192.944
227.682 151.064 136.196
203.288 174.168 100.255
252.077 167.059 69.99
323.634 21.327 35.941
325.26 -151.064 60.531
289.481 -186.608 151.329
260.208 -62.203 238.343
206.54 95.97 213.752
167.509 177.722 153.22
198.409 172.39 105.93
284.603 99.524 73.773
320.381 -46.208 92.689
299.239 -115.519 170.245
278.097 -152.841 191.052
268.34 -127.96 228.885
247.198 -97.747 245.909
235.814 -14.218 240.234
204.914 129.737 211.86
131.73 181.277 194.836
191.903 172.39 139.979
253.703 104.856 113.496
318.755 -58.648 102.147
308.997 -115.519 155.112
260.208 -55.094 200.51
213.045 110.188 194.836
182.146 172.39 162.678
152.872 193.717 136.196
144.741 206.158 92.689
253.703 151.064 52.965
325.26 1.777 34.049
333.392 -170.613 35.941
307.371 -213.267 107.822
287.855 -124.405 183.486
258.582 21.327 194.836
224.429 143.955 121.063
214.672 193.717 34.049
224.429 183.054 -52.965
239.066 149.287 -122.955
256.955 101.302 -151.329
273.218 90.638 -113.496
273.218 101.302 -132.413
252.077 120.851 -141.871
258.582 106.633 -130.521
284.603 71.089 -81.339
326.886 -21.327 -32.157
333.392 -56.871 -20.808
302.492 76.421 -11.35
226.056 188.385 -62.423
175.64 211.489 -90.797
253.703 140.4 -83.231
305.744 8.886 -117.28
304.118 -131.514 -130.521
300.866 -184.831 -77.556
330.139 0.0 1.892
180.519 202.603 -104.038
113.841 215.044 -124.846
139.862 190.163 -170.245
209.793 88.861 -209.968
235.814 -63.98 -244.017
265.087 -167.059 -153.22
335.018 -111.965 -75.664
297.613 78.198 -20.808
211.419 186.608 -60.531
113.841 218.598 -128.629
97.578 211.489 -174.028
118.72 131.514 -247.801
139.862 37.322 -295.091
209.793 -106.633 -247.801
292.734 -147.509 -139.979
338.27 -15.995 -41.615
216.298 188.385 -54.857
55.294 250.588 -98.364
32.526 232.816 -136.196
14.637 184.831 -198.619
8.132 110.188 -255.367
8.132 46.208 -289.416
131.73 -60.426 -315.899
265.087 -81.752 -213.752
291.108 85.307 -126.738
125.225 231.039 -119.171
6.505 243.479 -113.496
-21.142 227.484 -134.304
-71.557 161.727 -170.245
-104.083 136.846 -139.979
-147.993 127.96 -92.689
-146.367 140.4 -37.832
-136.609 183.054 -52.965
-126.851 193.717 -98.364
-156.125 126.183 -200.51
-34.152 -7.109 -327.248
120.346 -79.975 -310.224
261.834 -81.752 -225.101
274.845 24.881 -134.304
243.945 133.292 -132.413
126.851 225.707 -158.895
-35.779 222.153 -79.448
-121.973 199.049 1.892
-151.246 170.613 13.241
-161.004 159.95 -17.024
-167.509 110.188 -85.122
-164.256 67.534 -138.087
-117.094 8.886 -215.643
27.647 53.317 -293.199
134.983 135.069 -240.234
221.177 143.955 -139.979
229.308 170.613 -66.206
239.066 174.168 -32.157
258.582 163.504 1.892
258.582 149.287 5.675
248.824 156.395 35.941
240.692 175.945 71.881
208.166 197.272 68.098
121.973 220.375 115.388
86.194 234.593 134.304
56.921 223.93 145.654
35.779 218.598 151.329
17.889 206.158 179.703
84.568 122.628 249.692
177.267 24.881 304.549
274.845 -56.871 236.451
299.239 -90.638 147.545
335.018 -55.094 22.699
313.876 31.99 -81.339
234.187 158.173 -87.014
104.083 250.588 -7.566
13.01 243.479 15.133
1.626 263.029 20.808
73.184 245.257 85.122
128.478 209.712 149.437
209.793 120.851 221.318
221.177 -55.094 287.524
232.561 -206.158 274.283
235.814 -259.474 191.052
284.603 -273.692 81.339
300.866 -202.603 -51.073
307.371 -142.178 -111.605
297.613 -14.218 -168.353
243.945 129.737 -147.545
180.519 216.821 -73.773
133.357 261.252 15.133
92.699 245.257 20.808
139.862 243.479 7.566
195.156 204.38 18.916
286.229 136.846 26.483
294.36 113.742 -17.024
302.492 101.302 -71.881
258.582 142.178 -92.689
260.208 133.292 -71.881
268.34 124.405 -88.906
279.724 94.193 -124.846
292.734 23.104 -132.413
295.987 -69.312 -185.378
261.834 -152.841 -179.703
253.703 -247.034 -128.629
318.755 -161.727 -22.699
282.976 101.302 11.35
149.62 222.153 -75.664
79.689 245.257 -96.472
56.921 216.821 -179.703
105.71 106.633 -262.934
146.367 -19.549 -291.308
237.44 -133.292 -234.559
307.371 -124.405 -130.521
305.744 87.084 -15.133
105.71 238.148 -28.374
-0.0 247.034 -34.049
9.758 239.925 -56.748
69.931 202.603 -179.703
113.841 44.431 -279.958
149.62 -104.856 -298.874
243.945 -183.054 -204.294
313.876 -142.178 -88.906
307.371 42.653 1.892
213.045 188.385 -1.892
97.578 243.479 -68.098
65.052 239.925 -117.28
76.436 195.494 -198.619
76.436 110.188 -274.283
76.436 -31.99 -319.682
161.004 -127.96 -289.416
274.845 -145.732 -183.486
323.634 -21.327 -66.206
248.824 170.613 -13.241
87.82 247.034 -30.266
16.263 250.588 -52.965
58.547 239.925 -155.112
99.204 106.633 -274.283
