18.72
20.28
15.6
35.87
137.26
132.58
10.92
-118.54
-265.16
-269.84
-184.05
-57.71
17.16
81.11
121.66
131.02
98.27
176.25
198.09
207.45
145.06
73.31
199.65
116.98
1.56
-112.3
-315.07
-141.94
121.66
216.81
132.58
121.66
127.9
157.54
199.65
155.98
132.58
129.46
113.86
87.35
96.71
62.39
76.43
73.31
43.67
7.8
-54.59
-112.3
-168.45
-170.01
-177.81
-177.81
-137.26
-57.71
92.03
191.85
201.21
149.74
177.81
38.99
-135.7
-155.98
-79.55
-6.24
115.42
149.74
79.55
48.35
96.71
26.52
53.03
10.92
135.7
132.58
-159.1
-221.49
-173.13
293.24
148.18
180.93
263.6
146.62
-40.55
87.35
230.84
145.06
67.07
162.22
127.9
57.71
6.24
163.78
223.05
32.76
77.99
218.37
98.27
-79.55
60.83
173.13
162.22
54.59
227.73
180.93
201.21
71.75
-24.96
-146.62
-93.59
29.64
260.48
87.35
14.04
230.84
190.29
-74.87
-257.36
-277.64
-49.91
287.0
98.27
59.27
223.05
118.54
-141.94
14.04
224.61
160.66
6.24
226.17
68.63
-127.9
-79.55
-3.12
205.89
163.78
14.04
38.99
265.16
10.92
-204.33
-7.8
265.16
87.35
146.62
180.93
113.86
-54.59
213.69
106.06
184.05
159.1
-34.31
40.55
221.49
-57.71
-202.77
0.0
233.96
53.03
166.89
263.6
271.4
258.92
226.17
204.33
196.53
227.73
238.64
-51.47
-140.38
90.47
129.46
-143.5
-71.75
193.41
15.6
196.53
227.73
49.91
-96.71
-35.87
184.05
149.74
-7.8
-34.31
187.17
88.91
230.84
10.92
38.99
221.49
76.43
232.4
-68.63
77.99
235.52
76.43
166.89
184.05
-112.3
116.98
-170.01
-205.89
141.94
210.57
15.6
-28.08
63.95
-168.45
-216.81
134.14
219.93
51.47
45.23
-28.08
123.22
248.0
-31.2
240.2
68.63
87.35
258.92
49.91
233.96
20.28
137.26
112.3
213.69
145.06
218.37
237.08
241.76
232.4
188.73
-7.8
-262.04
62.39
191.85
138.82
-87.35
218.37
-29.64
-266.72
-166.89
237.08
188.73
184.05
173.13
84.23
235.52
237.08
71.75
179.37
65.51
241.76
116.98
266.72
244.88
243.32
226.17
244.88
232.4
357.19
243.32
249.56
233.96
210.57
-14.04
-265.16
-7.8
129.46
193.41
17.16
20.28
223.05
56.15
-138.82
-221.49
-6.24
258.92
174.69
118.54
87.35
54.59
76.43
45.23
170.01
-65.51
257.36
109.18
196.53
-53.03
198.09
132.58
190.29
213.69
46.79
120.1
198.09
232.4
116.98
59.27
17.16
255.8
188.73
149.74
-98.27
257.36
74.87
193.41
-109.18
123.22
184.05
191.85
126.34
70.19
131.02
141.94
-14.04
-173.13
-229.29
-185.61
154.42
196.53
110.74
-148.18
244.88
229.29
232.4
193.41
-77.99
-254.24
-37.43
244.88
180.93
155.98
160.66
-65.51
155.98
187.17
123.22
134.14
54.59
232.4
223.05
20.28
-241.76
-224.61
116.98
202.77
140.38
81.11
218.37
-31.2
-120.1
-115.42
-116.98
-170.01
24.96
293.24
60.83
77.99
-209.01
10.92
182.49
159.1
-82.67
-251.12
60.83
227.73
124.78
207.45
12.48
166.89
201.21
182.49
137.26
-82.67
155.98
81.11
258.92
32.76
-57.71
106.06
199.65
-46.79
-227.73
-135.7
-266.72
-177.81
233.96
155.98
244.88
152.86
62.39
199.65
219.93
38.99
163.78
185.61
134.14
182.49
51.47
235.52
141.94
132.58
49.91
237.08
219.93
93.59
-123.22
74.87
140.38
-32.76
0.0
193.41
191.85
160.66
162.22
138.82
-67.07
-210.57
92.03
221.49
137.26
-213.69
263.6
282.32
191.85
177.81
-262.04
-113.86
240.2
165.33
45.23
134.14
232.4
102.94
110.74
-198.09
-216.81
268.28
90.47
48.35
73.31
35.87
60.83
38.99
45.23
54.59
65.51
42.11
45.23
35.87
48.35
29.64
34.31
38.99
43.67
31.2
62.39
57.71
71.75
82.67
115.42
182.49
202.77
243.32
221.49
213.69
216.81
207.45
223.05
204.33
170.01
146.62
113.86
124.78
207.45
271.4
255.8
215.25
81.11
-20.28
-29.64
165.33
110.74
151.3
129.46
-154.42
-301.03
-224.61
123.22
263.6
205.89
3.12
-213.69
-37.43
26.52
143.5
124.78
149.74
15.6
-74.87
-107.62
-84.23
-127.9
-96.71
10.92
237.08
209.01
194.97
241.76
237.08
243.32
201.21
146.62
180.93
163.78
215.25
170.01
146.62
-92.03
-145.06
-59.27
-9.36
-81.11
-182.49
-68.63
221.49
146.62
-176.25
-154.42
126.34
141.94
95.15
-59.27
210.57
68.63
-241.76
-170.01
68.63
143.5
-24.96
-190.29
104.5
17.16
224.61
143.5
18.72
124.78
182.49
-124.78
-209.01
-187.17
-138.82
45.23
291.68
246.44
46.79
155.98
280.76
265.16
213.69
-68.63
-93.59
53.03
45.23
73.31
45.23
187.17
258.92
190.29
93.59
199.65
132.58
-20.28
249.56
116.98
90.47
230.84
132.58
152.86
-132.58
-179.37
76.43
202.77
177.81
26.52
-159.1
-202.77
215.25
121.66
244.88
-157.54
-141.94
95.15
219.93
-67.07
224.61
87.35
204.33
238.64
168.45
-96.71
-205.89
-73.31
210.57
185.61
9.36
54.59
227.73
-40.55
120.1
135.7
227.73
-42.11
207.45
123.22
184.05
-207.45
118.54
96.71
9.36
92.03
-209.01
1.56
131.02
107.62
-184.05
196.53
87.35
-233.96
-170.01
126.34
216.81
79.55
-10.92
-241.76
-165.33
201.21
131.02
221.49
-1.56
240.2
92.03
194.97
20.28
224.61
129.46
201.21
99.82
201.21
123.22
59.27
210.57
116.98
-60.83
141.94
209.01
137.26
227.73
-70.19
-143.5
98.27
180.93
120.1
-115.42
92.03
193.41
255.8
34.31
248.0
53.03
210.57
40.55
-143.5
-165.33
88.91
143.5
173.13
-70.19
-213.69
113.86
215.25
-18.72
-90.47
-235.52
-168.45
159.1
190.29
21.84
251.12
166.89
205.89
127.9
204.33
90.47
241.76
