-0.02 0.05 68.69
-0.02 0.01 68.91
0.01 -0.08 68.62
-0.03 0.02 68.95
-0.01 0.02 69.18
-0.06 0.1 69.0
0.03 -0.14 68.74
0.01 -0.01 69.08
0.04 -0.11 68.33
0.04 -0.08 68.48
-0.0 -0.03 68.95
-0.03 -0.0 69.2
0.02 0.06 69.36
0.02 -0.04 68.79
-0.04 0.09 69.39
-0.0 0.02 69.5
-0.02 0.06 69.27
-0.01 -0.02 69.03
-0.03 0.0 68.55
0.02 -0.05 68.67
0.03 -0.01 68.71
0.01 -0.04 68.4
0.0 -0.08 68.57
0.04 -0.03 68.8
-0.04 -0.02 69.1
1.14 3.12 68.31
0.78 -0.02 69.32
-4.53 10.63 64.98
-10.19 26.22 50.03
-22.0 58.71 10.6
53.53 84.81 62.74
112.72 52.47 116.73
62.89 50.69 74.1
-26.54 54.24 -14.62
-55.58 35.17 -75.55
87.01 79.37 64.28
87.66 33.49 90.07
20.25 46.94 33.38
-42.07 36.2 -46.48
-36.43 61.42 -64.9
102.46 49.08 93.83
63.6 17.81 69.67
4.66 41.03 12.84
-43.0 27.22 -39.03
-19.13 55.22 -45.68
98.54 43.66 93.0
65.7 8.34 73.43
14.46 28.0 23.17
-42.49 22.76 -34.16
-32.37 36.84 -56.62
83.2 63.79 82.73
60.17 14.64 83.69
5.18 33.85 35.56
-48.21 20.99 -25.78
-36.42 27.77 -52.97
134.18 79.74 119.88
103.33 26.69 108.46
55.77 8.94 73.73
1.49 32.51 21.58
-45.06 22.3 -33.34
-29.21 29.83 -52.95
23.52 80.73 3.72
109.09 42.43 112.38
63.5 15.15 81.01
16.03 39.56 28.13
-29.9 27.58 -26.01
-26.77 39.75 -44.06
103.78 76.4 83.8
103.43 27.47 104.22
68.41 21.28 70.17
14.89 54.96 8.91
-26.83 47.85 -35.71
-26.7 48.5 -50.01
-13.93 85.2 -43.81
126.38 45.92 109.99
99.12 37.84 90.6
60.41 38.24 56.26
11.98 52.46 -0.69
-30.58 22.66 -32.26
-45.68 10.79 -57.62
-32.76 42.5 -66.64
127.16 80.67 96.08
133.94 46.45 113.45
117.14 21.41 112.73
82.94 11.77 85.15
56.57 16.5 54.41
2.11 40.18 -6.66
-30.83 23.37 -40.46
-32.5 33.47 -81.93
95.35 77.32 56.26
101.89 20.68 90.27
62.88 5.24 72.75
16.74 14.75 37.31
-48.81 3.72 -10.49
-56.96 -1.66 -30.94
-48.29 45.33 -48.5
-147.36 70.08 -152.11
-164.57 31.87 172.56
-168.79 53.33 156.1
9.48 81.03 -6.74
1.57 47.47 8.0
2.47 58.95 18.63
169.81 66.95 167.69
160.37 51.63 138.54
89.28 50.35 65.35
19.72 38.92 -3.41
-30.66 21.19 -35.28
-41.0 4.25 -53.91
-27.53 37.66 -54.58
85.85 70.87 78.28
74.99 34.43 66.97
33.1 35.44 31.28
-14.98 35.4 -25.32
-31.32 36.89 -70.47
-14.99 63.28 -40.38
75.79 53.97 70.09
55.41 22.15 62.84
9.89 34.79 22.52
-43.64 24.09 -32.62
-38.69 31.59 -59.81
120.51 81.99 108.89
93.94 32.88 92.47
49.18 13.58 58.04
-10.45 34.66 -7.99
-32.06 16.06 -34.41
-30.36 27.46 -62.14
115.33 78.93 93.09
90.35 25.65 91.1
48.37 17.47 58.72
-4.47 38.11 -4.34
-35.27 18.81 -34.62
-32.79 19.95 -61.13
28.71 76.41 13.57
84.03 38.74 83.55
49.97 30.17 51.91
-7.5 37.18 -13.79
-22.36 25.08 -46.93
-7.06 56.62 -51.31
88.58 55.04 76.05
64.73 16.48 74.59
26.34 32.79 41.6
-25.36 34.74 -20.11
-23.32 35.04 -51.82
50.44 78.02 24.84
87.29 28.85 88.56
43.27 15.88 45.74
-15.55 20.31 -14.29
-25.96 16.3 -40.67
-10.34 56.34 -35.23
91.19 54.45 92.8
59.63 28.77 66.2
12.9 22.97 21.53
-32.65 10.88 -26.78
-24.89 13.9 -46.13
14.84 59.99 -18.75
84.01 38.1 88.78
51.66 10.51 71.67
0.58 23.9 19.85
-42.67 16.27 -22.34
-32.38 25.01 -44.23
75.57 76.41 64.71
82.53 21.92 85.77
42.0 15.47 58.71
-17.95 23.62 1.75
-42.64 5.44 -22.14
-33.21 5.67 -31.19
-8.6 49.97 -15.37
74.82 38.63 91.4
42.09 19.97 76.9
-19.12 26.6 6.12
-40.61 5.96 -16.06
-22.64 34.92 -28.33
76.78 62.0 79.51
66.8 21.02 82.49
31.07 23.68 47.7
-32.51 24.55 -7.6
-33.14 19.18 -14.47
-0.41 54.45 -6.68
72.49 47.19 94.2
33.66 25.07 66.44
-35.67 21.27 -4.99
-41.72 11.49 -30.85
-17.66 48.15 -29.56
80.5 45.51 90.67
39.9 12.43 61.56
-24.74 25.39 -2.58
-48.56 11.14 -41.01
-39.05 52.02 -60.47
120.74 57.77 124.61
55.86 37.03 70.05
-12.41 43.94 -3.62
-48.05 21.08 -35.88
-42.58 26.07 -57.41
-28.27 74.35 -40.92
86.5 42.99 96.18
43.49 24.74 58.67
-26.06 26.01 -10.05
-42.14 9.2 -29.3
-29.59 43.86 -53.28
99.2 56.28 95.55
63.17 21.44 77.07
6.01 29.2 29.55
-54.48 6.47 -20.6
-41.62 -3.89 -43.28
-12.22 47.83 -42.15
101.63 44.51 94.84
64.72 5.51 76.24
24.59 -2.72 40.42
-9.99 24.95 -2.71
-21.02 72.51 -28.39
178.31 56.41 162.46
-176.9 23.64 134.34
-177.46 20.3 99.46
172.45 47.67 96.38
153.39 79.62 104.46
10.59 69.5 -12.77
-1.01 34.91 -2.69
-6.05 -8.6 22.78
-6.12 -31.53 45.18
27.77 -82.91 6.97
128.25 -67.41 -116.75
50.38 -74.61 -62.32
-4.18 -42.13 9.53
-4.86 -4.39 40.02
7.41 -19.93 56.31
9.39 -25.98 68.36
7.73 -10.81 95.18
14.95 -2.87 117.82
20.82 3.23 70.74
18.7 16.42 19.89
7.63 22.42 -1.25
-5.63 29.96 -3.85
-10.33 13.76 37.49
2.17 -28.53 89.98
-5.16 -36.0 127.32
19.06 -19.13 111.42
34.49 11.56 60.72
38.26 28.73 50.02
77.37 19.55 89.04
87.18 -6.86 80.61
122.54 -6.13 73.9
117.34 -5.42 72.35
125.92 -3.4 72.22
136.17 -5.61 91.11
136.45 -5.82 94.48
143.16 -3.59 105.22
174.86 4.31 133.67
-119.56 1.95 156.04
-57.28 -15.07 155.81
-68.27 -14.75 139.07
-126.55 -10.04 138.29
164.17 -9.67 173.64
118.75 1.03 179.52
87.4 18.04 152.51
53.21 23.5 123.24
25.29 28.17 88.38
-5.68 39.13 43.85
-7.9 51.07 31.96
-1.48 73.1 19.77
129.24 75.13 128.69
91.96 22.8 94.82
34.6 37.88 40.16
-25.5 39.08 -32.93
-8.58 65.07 -22.88
105.22 48.24 97.11
71.13 18.69 62.69
32.2 34.86 25.88
-19.51 29.97 -36.85
-37.6 40.11 -80.42
164.79 84.41 115.31
104.66 29.52 92.02
49.26 19.09 59.53
0.3 34.63 -11.82
-27.41 43.46 -57.02
-116.64 85.21 -172.36
120.1 26.58 98.41
71.48 6.41 84.09
28.84 16.54 46.75
-17.35 14.96 -18.05
-33.36 15.55 -65.55
-14.7 51.58 -67.46
109.02 45.11 94.86
60.24 -4.39 74.2
33.52 11.54 52.06
-15.42 11.75 -9.43
-20.52 9.63 -27.58
-10.74 50.35 -36.82
101.26 47.16 96.23
73.63 8.09 92.59
33.59 16.14 45.79
-10.51 30.06 -12.22
-27.27 53.67 -37.97
-92.26 71.41 -84.22
-150.44 65.26 -124.26
-170.97 76.97 -141.9
31.67 53.93 32.82
29.3 51.89 22.17
-144.13 83.43 -139.57
-163.19 67.87 -165.88
-176.76 59.83 175.24
50.64 72.77 29.74
35.03 51.71 18.25
-146.68 83.67 -144.9
22.58 71.64 15.91
69.01 77.37 52.97
102.67 80.59 83.38
55.34 66.92 30.09
142.77 77.24 113.66
40.25 51.39 12.58
155.7 68.21 129.57
72.72 74.52 39.55
65.23 72.01 33.42
174.86 61.22 134.94
164.64 66.02 112.94
78.12 65.83 23.32
56.06 49.79 18.01
45.96 21.9 24.81
45.0 26.89 42.85
34.83 24.03 32.71
19.07 32.8 35.89
-8.69 54.69 19.94
-30.69 60.88 -11.26
11.78 66.53 19.42
26.29 63.12 36.85
62.87 64.23 70.61
62.71 44.47 93.9
-27.67 57.81 -17.19
43.47 71.94 35.28
58.01 25.93 71.95
7.7 29.01 8.85
35.32 57.29 18.8
70.48 25.08 82.88
28.94 24.08 40.05
-18.36 30.31 -23.72
-4.65 52.13 -34.13
86.24 43.22 68.43
55.73 14.06 58.28
3.37 25.92 6.55
-32.58 19.64 -37.9
-23.76 62.33 -56.45
101.33 41.24 98.73
36.48 17.21 53.19
-17.53 31.7 -13.25
-17.05 54.06 -46.34
66.86 43.78 72.56
22.93 28.53 37.54
-25.76 34.02 -33.85
64.75 64.42 55.53
43.62 23.1 61.4
-5.06 23.98 2.55
17.29 48.84 6.04
58.21 17.11 70.96
14.13 12.72 21.35
-6.84 39.94 -23.08
64.2 48.26 55.63
54.82 8.71 72.1
12.47 25.24 30.96
-10.01 71.14 -31.9
94.21 40.35 97.65
39.98 17.87 38.8
26.19 54.09 3.87
80.6 36.51 79.47
39.73 33.25 24.04
59.69 68.18 19.91
168.29 40.99 120.36
-179.47 22.57 105.47
163.54 61.7 94.54
34.39 73.2 -4.82
9.26 71.95 -4.44
-178.5 53.15 155.74
-172.94 32.22 129.53
-176.72 41.23 104.8
142.1 78.47 87.82
0.83 71.58 -21.49
-9.71 66.29 -8.86
-4.86 25.28 17.07
-6.16 19.54 36.36
-6.63 65.74 16.41
-165.99 58.73 -164.38
-164.34 29.8 162.98
177.34 65.54 142.66
7.46 76.37 -4.52
-11.03 36.7 6.81
-7.1 -3.82 36.27
-4.93 11.45 48.07
5.4 55.02 40.11
174.63 70.04 -168.59
177.66 48.04 162.74
174.35 28.28 140.66
-177.63 63.39 139.41
-11.28 54.39 -38.04
-8.03 46.88 -29.04
-175.0 77.94 161.78
-173.65 36.14 147.34
-175.11 50.5 129.96
44.01 82.2 8.77
4.68 29.84 -8.79
-6.71 3.98 9.93
-13.51 17.5 24.18
-58.81 73.77 -40.27
-161.87 36.86 -159.64
-167.99 39.73 -179.54
-148.33 68.86 -155.27
-38.93 56.67 -12.89
0.57 27.79 19.01
36.42 7.85 47.79
32.75 -1.53 53.72
18.27 31.6 4.99
-16.1 34.52 -40.92
-33.64 36.22 -75.78
-24.6 58.45 -20.23
52.78 44.39 86.52
29.97 12.87 77.59
-11.54 24.54 5.85
-29.38 30.53 -33.3
5.95 79.01 -9.68
77.02 28.36 84.74
38.9 14.02 61.15
-20.88 29.57 -8.17
-37.1 41.1 -62.2
152.88 75.42 130.52
94.7 33.18 90.08
50.73 21.83 52.24
-2.28 26.95 -8.0
-30.43 11.48 -47.38
-9.93 43.05 -37.71
83.47 49.75 88.66
41.17 30.59 59.07
-22.78 28.14 -9.93
-35.69 25.27 -54.31
21.36 77.34 -0.83
69.12 32.79 74.83
14.26 26.07 22.83
-26.23 19.89 -31.72
-24.3 44.87 -62.53
63.78 70.27 42.82
95.57 21.15 89.92
56.28 8.59 72.74
19.19 5.98 46.74
-28.88 19.2 -11.76
-35.8 33.71 -40.39
-8.47 59.6 -29.37
122.71 56.69 108.7
98.85 13.28 108.79
50.68 0.74 95.3
5.8 49.58 49.27
-48.48 48.56 -34.86
-23.82 43.75 -3.88
10.69 48.95 35.4
45.55 18.93 52.21
44.51 8.01 54.06
32.52 23.86 33.78
51.89 65.32 21.42
150.25 66.19 76.84
-163.78 62.44 110.32
115.45 42.39 64.34
47.06 39.25 19.67
-18.77 55.41 -53.23
-9.23 77.79 -67.46
101.34 46.38 78.5
16.3 44.56 1.75
-21.0 63.71 -41.02
116.96 72.07 95.52
82.1 39.21 62.66
44.0 47.08 7.62
-8.49 58.04 -42.61
-65.12 67.1 -80.43
-75.13 68.69 -81.44
-111.56 65.0 -103.81
-137.52 58.19 -117.44
-141.21 51.85 -118.72
-140.87 51.18 -119.43
-142.31 46.68 -120.78
-146.01 50.98 -124.81
-137.69 50.45 -124.4
-140.61 51.94 -127.58
-141.63 52.2 -129.12
-142.14 51.93 -129.41
-140.27 55.58 -126.22
-152.07 75.2 -149.99
72.51 47.89 83.09
-27.35 57.59 -6.05
-62.47 53.96 -75.85
118.7 63.96 110.28
48.51 60.83 50.5
-30.02 55.69 -30.72
-44.44 44.7 -56.4
-38.36 58.37 -28.39
-37.3 56.48 -13.98
-38.06 52.09 -11.83
-34.51 52.54 -9.74
61.41 60.94 89.6
-38.78 54.23 8.11
-56.06 41.84 -48.42
88.8 68.46 101.48
5.0 56.4 31.97
-41.12 34.81 -37.8
51.81 71.99 51.47
43.42 52.84 61.17
-36.38 37.19 -26.91
16.27 72.94 9.67
48.99 50.08 58.65
-22.94 32.91 -15.86
-2.18 59.41 -17.89
51.21 45.93 60.42
-3.07 42.54 5.26
-9.02 54.6 -20.33
62.2 44.15 70.96
-3.32 38.91 7.14
-2.97 54.07 -12.84
48.92 46.43 62.77
-16.64 28.93 -3.95
0.68 55.91 -8.5
60.07 43.49 64.61
-7.31 41.43 -1.74
-1.12 64.21 -12.93
56.38 49.85 73.56
-37.93 39.88 -11.23
-30.65 35.16 -37.33
27.94 62.4 49.86
-32.17 39.51 0.37
-34.74 36.53 -27.63
49.61 68.3 68.05
10.85 63.14 14.6
-44.23 69.62 -66.71
68.25 72.25 63.69
31.99 61.17 45.95
-36.41 41.1 -28.8
46.76 74.98 41.84
12.54 65.96 27.68
-35.08 49.04 -41.06
90.15 69.67 81.45
41.13 48.61 53.64
-33.39 46.92 -33.11
20.05 60.45 22.41
16.92 38.48 44.37
-34.15 38.58 -32.42
8.39 63.29 14.31
6.06 43.79 35.62
-39.44 36.34 -42.97
47.2 73.44 52.14
-9.8 49.49 8.69
-5.36 69.24 -21.18
41.56 39.19 55.91
-24.92 56.74 -34.52
68.62 52.83 69.03
-4.67 52.06 -0.23
41.69 56.49 24.7
28.99 39.82 34.22
-3.14 53.57 -21.56
65.18 51.38 68.42
0.72 58.51 -2.93
59.29 67.39 52.91
-4.18 55.37 -2.03
-17.15 76.84 -39.9
46.92 55.19 50.6
-39.59 51.56 -48.75
48.89 63.17 43.13
-13.72 47.79 -0.25
-15.69 54.93 -16.87
39.9 49.49 50.72
-16.44 57.76 -24.72
81.54 66.9 71.08
-5.95 60.17 -1.52
-38.23 52.53 -53.13
46.24 61.9 42.29
-29.71 65.03 -16.91
-6.03 77.78 -20.61
45.41 55.24 47.24
-20.8 48.13 -32.1
42.94 70.16 29.81
12.0 51.24 14.09
-20.93 71.11 -48.63
64.27 51.75 68.46
8.94 65.93 -6.71
18.8 80.86 7.35
136.9 76.8 121.2
160.13 76.6 134.35
166.6 79.9 141.44
-172.89 80.93 165.81
110.63 70.02 103.49
-11.49 72.8 -23.37
78.04 79.97 52.25
44.92 54.02 36.53
-34.35 74.14 -66.99
97.34 51.87 85.51
6.79 61.06 7.4
-35.84 73.53 -69.38
86.86 45.42 74.5
-18.59 54.89 -25.38
-1.84 67.74 -40.23
41.94 44.72 39.72
-44.66 43.63 -47.36
34.33 81.34 9.76
64.65 47.86 62.38
-42.42 47.87 -40.74
-7.34 74.27 -34.58
58.79 47.23 56.69
-41.36 46.34 -31.71
-30.87 40.32 -69.52
68.02 61.42 56.85
-1.84 51.09 -0.89
-16.01 47.09 -59.17
78.47 48.09 62.34
34.77 54.55 36.26
-19.42 61.62 -51.26
89.27 43.83 71.73
23.34 45.9 16.95
-24.65 53.69 -59.16
96.95 47.95 75.84
41.07 41.68 39.71
-2.93 63.92 -44.1
78.8 45.8 51.85
26.63 37.14 10.12
-24.66 46.2 -44.55
88.57 62.23 62.39
57.12 37.65 55.07
-36.77 51.25 -38.54
27.37 73.67 3.23
62.74 37.07 65.46
-16.74 31.21 -7.08
-24.98 47.68 -48.49
43.75 48.68 33.11
25.01 44.94 39.09
-24.38 26.97 1.6
-15.63 38.98 10.72
-5.9 16.08 38.78
